0 0 -4.55995310224e-17 -0.248232285173 1.0 8 10
-4.55995310224e-17 -0.248232285173 -1.61726698276e-15 -8.80399139781 0.0 12 79
-1.61726698276e-15 -8.80399139781 -1.90203199678e-15 -10.3541799323 2.0 80 87
-1.90203199678e-15 -10.3541799323 -3.85164406462e-15 -20.9673737075 0.0 88 136
-3.85164406462e-15 -20.9673737075 -4.1666627618e-15 -22.6822556223 1.0 137 155
-0.2 -22.4822556223 -0.2 -12.4514145103 0.0 156 201
-0.2 -12.4514145103 -0.2 -11.116559677 2.0 204 210
-0.2 -11.116559677 -0.2 -2.27501163326 0.0 211 250
-0.2 -2.27501163326 -0.2 -0.487773033408 1.0 251 259
-0.2 -0.487773033408 -1.78770379117 -0.487773033408 1.0 259 268
-1.78770379117 -0.487773033408 -1.78770379117 -3.58067780595 0.0 269 283
-1.78770379117 -3.58067780595 -1.78770379117 -4.24163784953 2.0 284 287
-1.78770379117 -4.24163784953 -1.78770379117 -8.87894865456 0.0 288 309
-1.78770379117 -8.87894865456 -1.78770379117 -10.7012608792 3.0 310 318
-1.78770379117 -10.7012608792 -1.78770379117 -12.9108650244 0.0 319 329
-1.78770379117 -12.9108650244 -1.78770379117 -13.5813145483 2.0 330 333
-1.78770379117 -13.5813145483 -1.78770379117 -20.6532949223 0.0 334 366
-1.78770379117 -20.6532949223 -1.78770379117 -22.1966053673 1.0 367 374
-1.98770379117 -21.9966053673 -1.98770379117 -21.8952242009 1.0 376 379
-1.98770379117 -21.8952242009 -1.98770379117 -15.1755643242 0.0 380 410
-1.98770379117 -15.1755643242 -1.98770379117 -14.7272490979 2.0 411 413
-1.98770379117 -14.7272490979 -1.98770379117 -12.046068917 0.0 414 426
-1.98770379117 -12.046068917 -1.98770379117 -10.2544415093 3.0 427 435
-1.98770379117 -10.2544415093 -1.98770379117 -5.94104564679 0.0 436 455
-1.98770379117 -5.94104564679 -1.98770379117 -5.70867883225 2.0 456 457
-1.98770379117 -5.70867883225 -1.98770379117 -1.91339016378 0.0 458 475
-1.98770379117 -1.91339016378 -1.98770379117 -0.121952627223 1.0 476 484
-1.98770379117 -0.121952627223 -3.87937648104 -0.121952627223 1.0 484 508
-3.87937648104 -0.121952627223 -3.87937648104 -2.77183920825 0.0 509 521
-3.87937648104 -2.77183920825 -3.87937648104 -3.65498949767 2.0 522 526
-3.87937648104 -3.65498949767 -3.87937648104 -4.55379371556 2.0 528 540
-3.87937648104 -4.55379371556 -3.87937648104 -8.12011471879 0.0 541 557
-3.87937648104 -8.12011471879 -3.87937648104 -9.89461132938 3.0 558 566
-3.87937648104 -9.89461132938 -3.87937648104 -12.7693161967 0.0 567 580
-3.87937648104 -12.7693161967 -3.87937648104 -12.9927162047 2.0 581 582
-3.87937648104 -12.9927162047 -3.87937648104 -20.0700411629 0.0 583 615
-3.87937648104 -20.0700411629 -3.87937648104 -21.3143281917 1.0 616 626
-4.07937648104 -21.1143281917 -4.07937648104 -14.3628223936 0.0 627 658
-4.07937648104 -14.3628223936 -4.07937648104 -13.6997223743 2.0 659 662
-4.07937648104 -13.6997223743 -4.07937648104 -11.240934066 0.0 663 674
-4.07937648104 -11.240934066 -4.07937648104 -9.66672837624 3.0 675 682
-4.07937648104 -9.66672837624 -4.07937648104 -5.19829820624 0.0 683 703
-4.07937648104 -5.19829820624 -4.07937648104 -3.96957400053 3.0 704 710
-4.07937648104 -3.96957400053 -3.40170255524 -3.96957400053 2.0 711 715
-3.40170255524 -3.96957400053 -2.44490945195 -3.96957400053 0.0 716 725
-2.64490945195 -3.76957400053 -3.0491461095 -3.76957400053 2.0 726 728
-3.0491461095 -3.76957400053 -4.20675341014 -3.76957400053 3.0 729 735
-4.20675341014 -3.76957400053 -4.20675341014 -3.5224623284 2.0 736 737
-4.20675341014 -3.5224623284 -4.20675341014 -1.01877734596 0.0 738 749
-4.20675341014 -1.01877734596 -4.20675341014 0.633616884653 1.0 750 758
-4.20675341014 0.633616884653 -6.13275662738 0.633616884653 1.0 758 768
-6.13275662738 0.633616884653 -6.13275662738 -1.16754401179 0.0 769 777
-6.13275662738 -1.16754401179 -6.13275662738 -2.71604323181 2.0 778 785
-6.13275662738 -2.71604323181 -6.13275662738 -3.02763509771 2.0 787 804
-6.13275662738 -3.02763509771 -6.13275662738 -7.41008399358 0.0 805 825
-6.13275662738 -7.41008399358 -6.13275662738 -8.96012831956 3.0 826 833
-6.13275662738 -8.96012831956 -6.13275662738 -19.8140385195 0.0 834 883
-6.13275662738 -19.8140385195 -6.13275662738 -21.0360244972 1.0 884 894
-6.33275662738 -20.8360244972 -6.33275662738 -10.9135353035 0.0 895 939
-6.33275662738 -10.9135353035 -6.33275662738 -8.89901116114 3.0 940 949
-6.33275662738 -8.89901116114 -6.33275662738 -4.85521637812 0.0 950 968
-6.33275662738 -4.85521637812 -6.33275662738 -3.27805076975 2.0 969 976
-6.33275662738 -3.27805076975 -6.33275662738 -0.586449537161 0.0 977 989
-6.33275662738 -0.586449537161 -6.33275662738 1.14922692375 1.0 991 999
-6.33275662738 1.14922692375 -8.14891332961 1.14922692375 1.0 999 1009
-8.14891332961 1.14922692375 -8.14891332961 -7.27632974499 0.0 1010 1048
-8.14891332961 -7.27632974499 -8.14891332961 -9.05917504955 3.0 1049 1057
-8.14891332961 -9.05917504955 -8.14891332961 -19.5178258176 0.0 1058 1105
-8.14891332961 -19.5178258176 -8.14891332961 -20.8915432445 1.0 1106 1116
-8.34891332961 -20.6915432445 -8.34891332961 -10.590708262 0.0 1117 1162
-8.34891332961 -10.590708262 -8.34891332961 -8.80374384779 3.0 1163 1171
-8.34891332961 -8.80374384779 -8.34891332961 0.142867466582 0.0 1172 1212
-8.34891332961 0.142867466582 -8.34891332961 1.9313778819 1.0 1213 1221
-8.34891332961 1.9313778819 -10.2323622752 1.9313778819 1.0 1221 1231
-10.2323622752 1.9313778819 -10.2323622752 -6.94732126714 0.0 1232 1272
-10.2323622752 -6.94732126714 -10.2323622752 -8.49767189026 3.0 1273 1280
-10.2323622752 -8.49767189026 -10.2323622752 -19.346106113 0.0 1281 1330
-10.2323622752 -19.346106113 -10.2323622752 -20.4336775067 1.0 1331 1340
-10.4323622752 -20.2336775067 -10.4323622752 -9.95453525068 0.0 1341 1387
-10.4323622752 -9.95453525068 -10.4323622752 -8.39175107412 3.0 1388 1395
-10.4323622752 -8.39175107412 -10.4323622752 0.559690919953 0.0 1396 1436
-10.4323622752 0.559690919953 -10.4323622752 2.56113748159 1.0 1437 1446
-10.4323622752 2.56113748159 -12.4300935292 2.56113748159 1.0 1446 1457
-12.4300935292 2.56113748159 -12.4300935292 -6.59802578512 0.0 1458 1499
-12.4300935292 -6.59802578512 -12.4300935292 -8.14259853187 3.0 1500 1507
-12.4300935292 -8.14259853187 -12.4300935292 -18.985321913 0.0 1508 1557
-12.4300935292 -18.985321913 -12.4300935292 -19.8829778883 1.0 1558 1566
-12.6300935292 -19.6829778883 -12.6300935292 -9.75628081578 0.0 1567 1611
-12.6300935292 -9.75628081578 -12.6300935292 -8.19046690602 3.0 1613 1620
-12.6300935292 -8.19046690602 -12.6300935292 0.866602050158 0.0 1621 1663
-12.6300935292 0.866602050158 -12.6300935292 2.64849836687 1.0 1664 1672
-12.6300935292 2.64849836687 -14.6339348282 2.64849836687 1.0 1672 1684
-14.6339348282 2.64849836687 -14.6339348282 -6.18801785568 0.0 1685 1725
-14.6339348282 -6.18801785568 -14.6339348282 -7.96296607002 3.0 1726 1734
-14.6339348282 -7.96296607002 -14.6339348282 -18.590652035 0.0 1735 1783
-14.6339348282 -18.590652035 -14.6339348282 -19.9540527538 1.0 1784 1794
-14.8339348282 -19.7540527538 -14.8339348282 -9.48799907138 0.0 1795 1841
-14.8339348282 -9.48799907138 -14.8339348282 -7.47775187265 3.0 1842 1851
-14.8339348282 -7.47775187265 -14.8339348282 1.24086582561 0.0 1852 1891
-14.8339348282 1.24086582561 -14.8339348282 3.47145889778 1.0 1892 1902
-14.8339348282 3.47145889778 -16.868897963 3.47145889778 1.0 1902 1914
-16.868897963 3.47145889778 -16.868897963 -5.37102311064 0.0 1915 1955
-16.868897963 -5.37102311064 -16.868897963 -7.1486591265 3.0 1956 1964
-16.868897963 -7.1486591265 -16.868897963 -17.8149347019 0.0 1965 2013
-16.868897963 -17.8149347019 -16.868897963 -18.9673487985 1.0 2014 2023
-17.068897963 -18.7673487985 -17.068897963 -8.46204511832 0.0 2025 2071
-17.068897963 -8.46204511832 -17.068897963 -6.88760342362 3.0 2072 2079
-17.068897963 -6.88760342362 -17.068897963 1.88592239919 0.0 2080 2119
-17.068897963 1.88592239919 -17.068897963 4.11888563669 1.0 2120 2130
-17.068897963 4.11888563669 -19.0585187625 4.11888563669 1.0 2130 2143
-19.0585187625 4.11888563669 -19.0585187625 -4.50276799225 0.0 2144 2183
-19.0585187625 -4.50276799225 -19.0585187625 -6.28600352265 3.0 2184 2192
-19.0585187625 -6.28600352265 -19.0585187625 -16.7393155323 0.0 2193 2240
-19.0585187625 -16.7393155323 -19.0585187625 -18.3112619563 1.0 2241 2253
-19.2585187625 -18.1112619563 -19.2585187625 -8.0635916671 0.0 2255 2300
-19.2585187625 -8.0635916671 -19.2585187625 -6.05048545778 3.0 2301 2310
-19.2585187625 -6.05048545778 -19.2585187625 2.65680983263 0.0 2311 2350
-19.2585187625 2.65680983263 -19.2585187625 4.43874884885 1.0 2351 2359
-19.2585187625 4.43874884885 -21.2278245861 4.43874884885 1.0 2359 2390
-21.2278245861 4.43874884885 -21.2278245861 -4.60636200783 0.0 2391 2432
-21.2278245861 -4.60636200783 -21.2278245861 -6.60429453172 3.0 2433 2442
-21.2278245861 -6.60429453172 -21.2278245861 -17.0246775501 0.0 2443 2490
-21.2278245861 -17.0246775501 -21.2278245861 -18.3837938991 1.0 2491 2502
-21.4278245861 -18.1837938991 -21.4278245861 -8.14143783089 0.0 2503 2548
-21.4278245861 -8.14143783089 -21.4278245861 -6.13208023703 3.0 2549 2558
-21.4278245861 -6.13208023703 -21.4278245861 2.34853104577 0.0 2559 2597
-21.4278245861 2.34853104577 -21.4278245861 7.67877226452 1.0 2598 2622
-21.4278245861 7.67877226452 -23.5038734241 7.67877226452 1.0 2622 2633
-23.5038734241 7.67877226452 -23.5038734241 1.04913346139 0.0 2634 2664
-23.5038734241 1.04913346139 -23.5038734241 0.605581185327 2.0 2665 2667
-23.5038734241 0.605581185327 -23.5038734241 -3.68454437461 0.0 2668 2687
-23.5038734241 -3.68454437461 -23.5038734241 -5.45024936854 3.0 2688 2696
-23.5038734241 -5.45024936854 -23.5038734241 -7.44694853717 0.0 2697 2706
-23.5038734241 -7.44694853717 -23.5038734241 -8.32981805188 2.0 2707 2711
-23.5038734241 -8.32981805188 -23.5038734241 -14.9558997032 0.0 2714 2744
-23.5038734241 -14.9558997032 -23.5038734241 -15.3975198341 1.0 2745 2747
-23.5038734241 -15.3975198341 -23.5038734241 -16.0565217537 1.0 2749 2752
-23.7038734241 -15.8565217537 -23.7038734241 -15.7140935261 1.0 2754 2759
-23.7038734241 -15.7140935261 -23.7038734241 -8.80458569921 0.0 2760 2791
-23.7038734241 -8.80458569921 -23.7038734241 -8.1345835425 2.0 2792 2795
-23.7038734241 -8.1345835425 -24.4368010467 -8.1345835425 2.0 2799 2802
-24.4368010467 -8.1345835425 -24.6527644695 -8.1345835425 1.0 2803 2804
-24.8527644695 -7.9345835425 -24.4144029293 -7.9345835425 1.0 2806 2808
-24.4144029293 -7.9345835425 -24.1370481204 -7.9345835425 2.0 2809 2811
-24.1370481204 -7.9345835425 -24.1370481204 -5.4880425455 0.0 2813 2824
-24.1370481204 -5.4880425455 -24.1370481204 -3.70113514723 3.0 2825 2833
-24.1370481204 -3.70113514723 -24.1370481204 0.321451665309 0.0 2834 2852
-24.1370481204 0.321451665309 -24.1370481204 0.759994753728 2.0 2855 2857
-24.1370481204 0.759994753728 -24.1370481204 0.983861129944 2.0 2859 2860
-24.1370481204 0.983861129944 -24.1370481204 7.00250082377 0.0 2861 2888
-24.1370481204 7.00250082377 -24.1370481204 8.78371900886 1.0 2889 2897
-24.1370481204 8.78371900886 -26.3663996006 8.78371900886 1.0 2897 2908
-26.3663996006 8.78371900886 -26.3663996006 8.50435402251 1.0 2910 2911
-26.3663996006 8.50435402251 -26.3663996006 6.51265124034 0.0 2912 2921
-26.3663996006 6.51265124034 -26.3663996006 3.8461566526 0.0 2923 2935
-26.3663996006 3.8461566526 -26.3663996006 2.07016283783 2.0 2936 2944
-26.3663996006 2.07016283783 -26.3663996006 1.62280279312 0.0 2945 2947
-26.3663996006 1.62280279312 -26.3663996006 -1.70498317031 0.0 2949 2964
-26.3663996006 -1.70498317031 -26.3663996006 -3.47146347294 3.0 2965 2973
-26.3663996006 -3.47146347294 -26.3663996006 -5.24129954727 0.0 2974 2982
-26.3663996006 -5.24129954727 -26.3663996006 -6.12322812715 2.0 2984 2988
-26.3663996006 -6.12322812715 -26.3663996006 -6.93597907301 0.0 2991 2997
-26.3663996006 -6.93597907301 -26.3663996006 -7.3949549983 2.0 2998 3013
-26.5663996006 -7.1949549983 -26.5663996006 -6.53696195123 0.0 3014 3017
-26.5663996006 -6.53696195123 -26.5663996006 -1.44923316522 0.0 3021 3044
-26.5663996006 -1.44923316522 -26.5663996006 -0.174424159916 1.0 3045 3055
-26.7663996006 0.0255758400839 -26.7663996006 -6.21402996878 0.0 3056 3084
-26.7663996006 -6.21402996878 -26.7663996006 -6.66284440705 2.0 3085 3087
-26.7663996006 -6.66284440705 -26.7663996006 -6.89093704174 2.0 3091 3092
-26.7663996006 -6.89093704174 -26.7663996006 -8.44973730156 0.0 3093 3100
-26.7663996006 -8.44973730156 -26.7663996006 -8.90303686035 3.0 3102 3104
-26.7663996006 -8.90303686035 -26.7663996006 -9.13111318529 1.0 3106 3107
-26.7663996006 -9.13111318529 -26.7663996006 -9.57455031725 3.0 3108 3110
-26.7663996006 -9.57455031725 -26.7663996006 -13.8302531522 0.0 3111 3130
-26.7663996006 -13.8302531522 -26.7663996006 -14.2787164172 0.0 3135 3137
-26.7663996006 -14.2787164172 -26.7663996006 -20.3311835534 0.0 3139 3166
-26.7663996006 -20.3311835534 -26.7663996006 -21.0061098967 1.0 3167 3170
-26.7663996006 -21.0061098967 -26.7663996006 -21.4598039576 2.0 3171 3173
-26.7663996006 -21.4598039576 -24.5858722124 -21.4598039576 1.0 3174 3187
-24.5858722124 -21.4598039576 -24.5858722124 -17.4170253505 0.0 3189 3207
-24.5858722124 -17.4170253505 -24.5858722124 -9.71187791959 0.0 3209 3244
-24.5858722124 -9.71187791959 -24.5858722124 -9.27308684983 3.0 3245 3247
-24.5858722124 -9.27308684983 -24.5858722124 -8.83117860144 3.0 3249 3251
-24.5858722124 -8.83117860144 -24.5858722124 -5.70639276878 0.0 3253 3267
-24.5858722124 -5.70639276878 -24.5858722124 -3.71909351351 0.0 3269 3278
-24.5858722124 -3.71909351351 -24.5858722124 0.934835047397 0.0 3280 3301
-24.5858722124 0.934835047397 -24.5858722124 2.21488000364 1.0 3302 3311
-24.7858722124 2.41488000364 -24.7858722124 -7.44306482528 0.0 3312 3358
-24.7858722124 -7.44306482528 -24.7858722124 -8.78593903383 3.0 3361 3367
-24.7858722124 -8.78593903383 -24.7858722124 -20.8678666732 0.0 3369 3423
-24.7858722124 -20.8678666732 -24.7858722124 -22.8868399629 1.0 3424 3433
-24.7858722124 -22.8868399629 -22.2768696864 -22.8868399629 1.0 3433 3447
-22.2768696864 -22.8868399629 -22.2768696864 -11.1159763526 0.0 3448 3501
-22.2768696864 -11.1159763526 -22.2768696864 -9.3589674138 3.0 3502 3510
-22.2768696864 -9.3589674138 -22.2768696864 0.824018243662 0.0 3512 3558
-22.2768696864 0.824018243662 -22.2768696864 2.14961830401 2.0 3560 3566
-22.4768696864 2.34961830401 -22.4768696864 2.13257625739 0.0 3573 3574
-22.4768696864 2.13257625739 -22.4768696864 1.89783584758 2.0 3575 3576
-22.4768696864 1.89783584758 -22.4768696864 -7.22854388811 0.0 3577 3618
-22.4768696864 -7.22854388811 -22.4768696864 -8.3597679066 3.0 3619 3624
-22.4768696864 -8.3597679066 -22.4768696864 -17.5231127793 0.0 3628 3669
-22.4768696864 -17.5231127793 -22.4768696864 -18.6392317355 0.0 3671 3676
-22.4768696864 -18.6392317355 -22.4768696864 -19.3139397891 0.0 3678 3681
-22.4768696864 -19.3139397891 -22.4768696864 -21.9671811464 1.0 3682 3694
-22.4768696864 -21.9671811464 -20.2715523673 -21.9671811464 1.0 3694 3706
-20.2715523673 -21.9671811464 -20.2715523673 -21.7473397709 0.0 3707 3708
-20.2715523673 -21.7473397709 -20.2715523673 -21.5253973783 1.0 3709 3710
-20.2715523673 -21.5253973783 -20.2715523673 -17.9836817969 0.0 3711 3727
-20.2715523673 -17.9836817969 -20.2715523673 -10.8993271409 0.0 3729 3761
-20.2715523673 -10.8993271409 -20.2715523673 -9.3486907409 3.0 3762 3769
-20.2715523673 -9.3486907409 -20.2715523673 -3.81025823251 0.0 3771 3796
-20.2715523673 -3.81025823251 -20.2715523673 -3.58655803135 2.0 3797 3798
-20.2715523673 -3.58655803135 -20.2715523673 0.616378614617 0.0 3799 3818
-20.2715523673 0.616378614617 -20.2715523673 2.40114039424 1.0 3819 3830
-20.4715523673 2.60114039424 -20.4715523673 -7.68151094576 0.0 3832 3878
-20.4715523673 -7.68151094576 -20.4715523673 -8.12801185281 3.0 3879 3881
-20.4715523673 -8.12801185281 -20.4715523673 -20.4166081076 0.0 3887 3942
-20.4715523673 -20.4166081076 -20.4715523673 -22.4295535813 1.0 3943 3952
-20.4715523673 -22.4295535813 -18.0175570042 -22.4295535813 1.0 3952 3967
-18.0175570042 -22.4295535813 -18.0175570042 -21.5371679224 0.0 3968 3972
-18.0175570042 -21.5371679224 -18.0175570042 -21.3228404524 2.0 3973 3974
-18.0175570042 -21.3228404524 -18.0175570042 -14.9061338571 0.0 3975 4004
-18.0175570042 -14.9061338571 -18.0175570042 -11.8103299304 0.0 4006 4020
-18.0175570042 -11.8103299304 -18.0175570042 -10.9294803885 3.0 4021 4025
-18.0175570042 -10.9294803885 -18.0175570042 0.140081302039 0.0 4029 4079
-18.0175570042 0.140081302039 -18.0175570042 1.36468747955 1.0 4080 4089
-18.2175570042 1.56468747955 -18.2175570042 -8.67916912624 0.0 4091 4137
-18.2175570042 -8.67916912624 -18.2175570042 -8.90817340568 3.0 4138 4139
-18.2175570042 -8.90817340568 -18.2175570042 -9.13238063125 1.0 4140 4141
-18.2175570042 -9.13238063125 -18.2175570042 -9.3611954035 3.0 4144 4145
-18.2175570042 -9.3611954035 -18.2175570042 -11.8408342805 0.0 4147 4158
-18.2175570042 -11.8408342805 -18.2175570042 -12.0644337295 2.0 4159 4160
-18.2175570042 -12.0644337295 -18.2175570042 -13.4095049736 0.0 4161 4167
-18.2175570042 -13.4095049736 -18.2175570042 -20.5813153524 0.0 4169 4201
-18.2175570042 -20.5813153524 -18.2175570042 -22.608152067 1.0 4202 4211
-18.2175570042 -22.608152067 -15.9535106348 -22.608152067 1.0 4211 4223
-15.9535106348 -22.608152067 -15.9535106348 -11.1049092756 0.0 4227 4279
-15.9535106348 -11.1049092756 -15.9535106348 -9.99787354227 3.0 4280 4285
-15.9535106348 -9.99787354227 -15.9535106348 -9.77956527399 2.0 4288 4289
-15.9535106348 -9.77956527399 -15.9535106348 1.06143882803 0.0 4290 4339
-15.9535106348 1.06143882803 -15.9535106348 2.45016992151 1.0 4340 4350
-16.1535106348 2.65016992151 -16.1535106348 -7.90469721408 0.0 4351 4398
-16.1535106348 -7.90469721408 -16.1535106348 -8.13252726039 3.0 4399 4400
-16.1535106348 -8.13252726039 -16.1535106348 -8.57613272699 3.0 4402 4404
-16.1535106348 -8.57613272699 -16.1535106348 -8.80034211573 2.0 4405 4406
-16.1535106348 -8.80034211573 -16.1535106348 -21.155568168 0.0 4407 4462
-16.1535106348 -21.155568168 -16.1535106348 -21.6031814189 1.0 4463 4465
-16.1535106348 -21.6031814189 -16.1535106348 -22.0466104803 2.0 4466 4468
-16.1535106348 -22.0466104803 -14.4316620806 -22.0466104803 1.0 4469 4477
-14.4316620806 -22.0466104803 -14.4316620806 -21.0494935112 1.0 4477 4482
-14.4316620806 -21.0494935112 -26.5981153295 -21.0494935112 0.0 4483 4538
-26.5981153295 -21.0494935112 -28.1458926592 -21.0494935112 3.0 4539 4546
-28.1458926592 -21.0494935112 -38.5660919519 -21.0494935112 0.0 4547 4594
-38.5660919519 -21.0494935112 -38.7841209867 -21.0494935112 1.0 4595 4596
-38.7841209867 -21.0494935112 -39.6928511172 -21.0494935112 1.0 4598 4602
-39.8928511172 -20.8494935112 -39.7907009826 -20.8494935112 1.0 4604 4607
-39.7907009826 -20.8494935112 -29.6768350145 -20.8494935112 0.0 4608 4653
-29.6768350145 -20.8494935112 -29.4523440347 -20.8494935112 3.0 4654 4655
-29.4523440347 -20.8494935112 -29.0088927973 -20.8494935112 3.0 4657 4659
-29.0088927973 -20.8494935112 -28.790749702 -20.8494935112 1.0 4660 4661
-28.790749702 -20.8494935112 -16.7175761625 -20.8494935112 0.0 4663 4717
-16.7175761625 -20.8494935112 -14.2813532829 -20.8494935112 1.0 4718 4729
-14.4813532829 -20.6494935112 -27.1470687066 -20.6494935112 1.0 4729 4795
-27.1470687066 -20.6494935112 -28.4743685533 -20.6494935112 1.0 4797 4803
-28.4743685533 -20.6494935112 -30.6890188395 -20.6494935112 0.0 4804 4814
-30.6890188395 -20.6494935112 -31.5797999012 -20.6494935112 2.0 4815 4819
-31.5797999012 -20.6494935112 -38.8900211961 -20.6494935112 0.0 4820 4853
-38.8900211961 -20.6494935112 -40.3474389811 -20.6494935112 1.0 4854 4866
-40.5474389811 -20.4494935112 -34.5239614996 -20.4494935112 0.0 4867 4894
-34.5239614996 -20.4494935112 -34.0806893033 -20.4494935112 2.0 4895 4897
-34.0806893033 -20.4494935112 -30.9461311112 -20.4494935112 0.0 4898 4912
-30.9461311112 -20.4494935112 -14.673332944 -20.4494935112 1.0 4913 4986
-14.873332944 -20.2494935112 -33.4758093159 -20.2494935112 1.0 4986 5125
-33.4758093159 -20.2494935112 -33.4758093159 -21.3381078828 2.0 5126 5131
-33.4758093159 -21.3381078828 -33.4758093159 -22.181972238 0.0 5132 5140
-33.6758093159 -21.981972238 -33.6758093159 -21.1146654815 2.0 5141 5145
-33.6758093159 -21.1146654815 -33.6758093159 -19.8182160378 1.0 5146 5154
-33.6758093159 -19.8182160378 -33.6758093159 21.7322533866 1.0 5154 5492
-33.6758093159 21.7322533866 -33.6758093159 22.627518858 0.0 5494 5498
-33.8758093159 22.827518858 -33.8758093159 -16.7856153534 1.0 5505 5684
-33.8758093159 -16.7856153534 -48.4451731827 -16.7856153534 1.0 5684 5750
-48.4451731827 -16.7856153534 -48.4451731827 5.49453772937 1.0 5752 5861
-48.4451731827 5.49453772937 -48.4451731827 23.4841574214 1.0 5861 5942
-48.6451731827 23.6841574214 -48.6451731827 18.9285287865 1.0 5947 5969
-48.6451731827 18.9285287865 -48.6451731827 17.8621497561 1.0 5971 5976
-48.6451731827 17.8621497561 -48.6451731827 -15.4794885005 1.0 5978 6158
-48.6451731827 -15.4794885005 -40.4906756085 -15.4794885005 1.0 6160 6197
-40.4906756085 -15.4794885005 -38.0544098718 -15.4794885005 0.0 6198 6209
-38.0544098718 -15.4794885005 -37.1630165243 -15.4794885005 2.0 6210 6214
-37.1630165243 -15.4794885005 -29.8685977304 -15.4794885005 0.0 6215 6248
-29.8685977304 -15.4794885005 -28.5827976682 -15.4794885005 1.0 6249 6257
-28.5827976682 -15.4794885005 -28.5827976682 4.28895258751 1.0 6257 6544
-28.7827976682 4.48895258751 -28.7827976682 -4.36926114891 1.0 6546 6586
-28.7827976682 -4.36926114891 -28.7827976682 -6.3685588381 1.0 6588 6597
-28.7827976682 -6.3685588381 -28.7827976682 -11.0101693625 1.0 6599 6621
-28.7827976682 -11.0101693625 -29.6966814737 -11.0101693625 0.0 6622 6626
-29.6966814737 -11.0101693625 -38.3864491444 -11.0101693625 0.0 6628 6667
-38.3864491444 -11.0101693625 -38.61098658 -11.0101693625 3.0 6668 6669
-38.61098658 -11.0101693625 -38.8284215588 -11.0101693625 1.0 6670 6671
-38.8284215588 -11.0101693625 -39.2745968831 -11.0101693625 2.0 6673 6675
-39.2745968831 -11.0101693625 -39.2745968831 23.9711725352 1.0 6676 6834
-39.2745968831 23.9711725352 -39.2745968831 24.1951717497 2.0 6838 6839
-39.2745968831 24.1951717497 -39.2745968831 24.4194691908 1.0 6840 6841
-39.2745968831 24.4194691908 -39.2745968831 24.6373400102 0.0 6844 6845
-39.2745968831 24.6373400102 -39.2745968831 24.8564054895 2.0 6846 6847
-39.2745968831 24.8564054895 -47.9625179085 24.8564054895 0.0 6848 6887
-47.9625179085 24.8564054895 -51.9418637872 24.8564054895 1.0 6888 6906
-51.9418637872 24.8564054895 -52.171211983 24.8564054895 1.0 6908 6914
