0 0 8.55575911263 -1.57166745173e-15 0.0
8.55575911263 -1.57166745173e-15 10.1059476471 -1.85643246576e-15 2.0
10.1059476471 -1.85643246576e-15 20.7191414224 -3.8060445336e-15 0.0
20.7191414224 -3.8060445336e-15 22.4340233372 -4.12106323078e-15 1.0
22.2340233372 -0.2 12.2031822251 -0.2 0.0
12.2031822251 -0.2 10.8683273919 -0.2 2.0
10.8683273919 -0.2 2.02677934809 -0.2 0.0
2.02677934809 -0.2 0.239540748235 -0.2 1.0
0.239540748235 -0.2 0.239540748235 -1.78770379117 1.0
0.239540748235 -1.78770379117 3.33244552078 -1.78770379117 0.0
3.33244552078 -1.78770379117 3.99340556435 -1.78770379117 2.0
3.99340556435 -1.78770379117 8.63071636939 -1.78770379117 0.0
8.63071636939 -1.78770379117 10.453028594 -1.78770379117 3.0
10.453028594 -1.78770379117 12.6626327392 -1.78770379117 0.0
12.6626327392 -1.78770379117 13.3330822631 -1.78770379117 2.0
13.3330822631 -1.78770379117 20.4050626371 -1.78770379117 0.0
20.4050626371 -1.78770379117 21.9483730821 -1.78770379117 1.0
21.7483730821 -1.98770379117 21.6469919157 -1.98770379117 1.0
21.6469919157 -1.98770379117 14.927332039 -1.98770379117 0.0
14.927332039 -1.98770379117 14.4790168127 -1.98770379117 2.0
14.4790168127 -1.98770379117 11.7978366318 -1.98770379117 0.0
11.7978366318 -1.98770379117 10.0062092241 -1.98770379117 3.0
10.0062092241 -1.98770379117 5.69281336162 -1.98770379117 0.0
5.69281336162 -1.98770379117 5.46044654708 -1.98770379117 2.0
5.46044654708 -1.98770379117 1.66515787861 -1.98770379117 0.0
1.66515787861 -1.98770379117 -0.12627965795 -1.98770379117 1.0
-0.12627965795 -1.98770379117 -0.12627965795 -3.87937648104 1.0
-0.12627965795 -3.87937648104 2.52360692308 -3.87937648104 0.0
2.52360692308 -3.87937648104 3.40675721249 -3.87937648104 2.0
3.40675721249 -3.87937648104 4.30556143039 -3.87937648104 2.0
4.30556143039 -3.87937648104 7.87188243362 -3.87937648104 0.0
7.87188243362 -3.87937648104 9.64637904421 -3.87937648104 3.0
9.64637904421 -3.87937648104 12.5210839115 -3.87937648104 0.0
12.5210839115 -3.87937648104 12.7444839196 -3.87937648104 2.0
12.7444839196 -3.87937648104 19.8218088777 -3.87937648104 0.0
19.8218088777 -3.87937648104 21.0660959065 -3.87937648104 1.0
20.8660959065 -4.07937648104 14.1145901084 -4.07937648104 0.0
14.1145901084 -4.07937648104 13.4514900891 -4.07937648104 2.0
13.4514900891 -4.07937648104 10.9927017808 -4.07937648104 0.0
10.9927017808 -4.07937648104 9.41849609107 -4.07937648104 3.0
9.41849609107 -4.07937648104 4.95006592107 -4.07937648104 0.0
4.95006592107 -4.07937648104 3.72134171536 -4.07937648104 3.0
3.72134171536 -4.07937648104 3.72134171536 -3.40170255524 2.0
3.72134171536 -3.40170255524 3.72134171536 -2.44490945195 0.0
3.52134171536 -2.64490945195 3.52134171536 -3.0491461095 2.0
3.52134171536 -3.0491461095 3.52134171536 -4.20675341014 3.0
3.52134171536 -4.20675341014 3.27423004323 -4.20675341014 2.0
3.27423004323 -4.20675341014 0.77054506079 -4.20675341014 0.0
0.77054506079 -4.20675341014 -0.881849169827 -4.20675341014 1.0
-0.881849169827 -4.20675341014 -0.881849169827 -6.13275662738 1.0
-0.881849169827 -6.13275662738 0.919311726615 -6.13275662738 0.0
0.919311726615 -6.13275662738 2.46781094663 -6.13275662738 2.0
2.26781094663 -6.33275662738 1.95621908073 -6.33275662738 2.0
1.75621908073 -6.53275662738 6.13866797659 -6.53275662738 0.0
6.13866797659 -6.53275662738 7.68871230257 -6.53275662738 3.0
7.68871230257 -6.53275662738 18.5426225025 -6.53275662738 0.0
18.5426225025 -6.53275662738 19.7646084802 -6.53275662738 1.0
19.5646084802 -6.73275662738 9.6421192865 -6.73275662738 0.0
9.6421192865 -6.73275662738 7.62759514415 -6.73275662738 3.0
7.62759514415 -6.73275662738 3.58380036113 -6.73275662738 0.0
3.58380036113 -6.73275662738 2.00663475277 -6.73275662738 2.0
2.00663475277 -6.73275662738 -0.684966479828 -6.73275662738 0.0
-0.684966479828 -6.73275662738 -2.42064294074 -6.73275662738 1.0
-2.42064294074 -6.73275662738 -2.42064294074 -8.54891332961 1.0
-2.42064294074 -8.54891332961 6.004913728 -8.54891332961 0.0
6.004913728 -8.54891332961 7.78775903256 -8.54891332961 3.0
7.78775903256 -8.54891332961 18.2464098007 -8.54891332961 0.0
18.2464098007 -8.54891332961 19.6201272275 -8.54891332961 1.0
19.4201272275 -8.74891332961 9.31929224499 -8.74891332961 0.0
9.31929224499 -8.74891332961 7.5323278308 -8.74891332961 3.0
7.5323278308 -8.74891332961 -1.41428348357 -8.74891332961 0.0
-1.41428348357 -8.74891332961 -3.20279389889 -8.74891332961 1.0
-3.20279389889 -8.74891332961 -3.20279389889 -10.6323622752 1.0
-3.20279389889 -10.6323622752 5.67590525015 -10.6323622752 0.0
5.67590525015 -10.6323622752 7.22625587327 -10.6323622752 3.0
7.22625587327 -10.6323622752 18.074690096 -10.6323622752 0.0
18.074690096 -10.6323622752 19.1622614897 -10.6323622752 1.0
18.9622614897 -10.8323622752 8.68311923369 -10.8323622752 0.0
8.68311923369 -10.8323622752 7.12033505713 -10.8323622752 3.0
7.12033505713 -10.8323622752 -1.83110693694 -10.8323622752 0.0
-1.83110693694 -10.8323622752 -3.83255349858 -10.8323622752 1.0
-3.83255349858 -10.8323622752 -3.83255349858 -12.8300935292 1.0
-3.83255349858 -12.8300935292 5.32660976813 -12.8300935292 0.0
5.32660976813 -12.8300935292 6.87118251488 -12.8300935292 3.0
6.87118251488 -12.8300935292 17.713905896 -12.8300935292 0.0
17.713905896 -12.8300935292 18.6115618713 -12.8300935292 1.0
18.4115618713 -13.0300935292 8.48486479879 -13.0300935292 0.0
8.48486479879 -13.0300935292 6.91905088903 -13.0300935292 3.0
6.91905088903 -13.0300935292 -2.13801806715 -13.0300935292 0.0
-2.13801806715 -13.0300935292 -3.91991438386 -13.0300935292 1.0
-3.91991438386 -13.0300935292 -3.91991438386 -15.0339348282 1.0
-3.91991438386 -15.0339348282 4.91660183869 -15.0339348282 0.0
4.91660183869 -15.0339348282 6.69155005303 -15.0339348282 3.0
6.69155005303 -15.0339348282 17.319236018 -15.0339348282 0.0
17.319236018 -15.0339348282 18.6826367368 -15.0339348282 1.0
18.4826367368 -15.2339348282 8.21658305439 -15.2339348282 0.0
8.21658305439 -15.2339348282 6.20633585566 -15.2339348282 3.0
6.20633585566 -15.2339348282 -2.5122818426 -15.2339348282 0.0
-2.5122818426 -15.2339348282 -4.74287491477 -15.2339348282 1.0
-4.74287491477 -15.2339348282 -4.74287491477 -17.268897963 1.0
-4.74287491477 -17.268897963 4.09960709365 -17.268897963 0.0
4.09960709365 -17.268897963 5.87724310951 -17.268897963 3.0
5.87724310951 -17.268897963 16.5435186849 -17.268897963 0.0
16.5435186849 -17.268897963 17.6959327815 -17.268897963 1.0
17.4959327815 -17.468897963 7.19062910133 -17.468897963 0.0
7.19062910133 -17.468897963 5.61618740663 -17.468897963 3.0
5.61618740663 -17.468897963 -3.15733841618 -17.468897963 0.0
-3.15733841618 -17.468897963 -5.39030165367 -17.468897963 1.0
-5.39030165367 -17.468897963 -5.39030165367 -19.4585187625 1.0
-5.39030165367 -19.4585187625 3.23135197526 -19.4585187625 0.0
3.23135197526 -19.4585187625 5.01458750566 -19.4585187625 3.0
5.01458750566 -19.4585187625 15.4678995153 -19.4585187625 0.0
15.4678995153 -19.4585187625 17.0398459393 -19.4585187625 1.0
16.8398459393 -19.6585187625 6.79217565011 -19.6585187625 0.0
6.79217565011 -19.6585187625 4.77906944079 -19.6585187625 3.0
4.77906944079 -19.6585187625 -3.92822584962 -19.6585187625 0.0
-3.92822584962 -19.6585187625 -5.71016486584 -19.6585187625 1.0
-5.71016486584 -19.6585187625 -5.71016486584 -21.6278245861 1.0
-5.71016486584 -21.6278245861 3.33494599085 -21.6278245861 0.0
3.33494599085 -21.6278245861 5.33287851473 -21.6278245861 3.0
5.33287851473 -21.6278245861 15.7532615331 -21.6278245861 0.0
15.7532615331 -21.6278245861 17.1123778821 -21.6278245861 1.0
16.9123778821 -21.8278245861 6.8700218139 -21.8278245861 0.0
6.8700218139 -21.8278245861 4.86066422005 -21.8278245861 3.0
4.86066422005 -21.8278245861 -3.61994706276 -21.8278245861 0.0
-3.61994706276 -21.8278245861 -8.95018828151 -21.8278245861 1.0
-8.95018828151 -21.8278245861 -8.95018828151 -23.9038734241 1.0
-8.95018828151 -23.9038734241 -2.32054947838 -23.9038734241 0.0
-2.32054947838 -23.9038734241 -1.87699720232 -23.9038734241 2.0
-1.87699720232 -23.9038734241 2.41312835762 -23.9038734241 0.0
2.41312835762 -23.9038734241 4.17883335155 -23.9038734241 3.0
4.17883335155 -23.9038734241 6.17553252018 -23.9038734241 0.0
6.17553252018 -23.9038734241 7.05840203489 -23.9038734241 2.0
7.05840203489 -23.9038734241 13.6844836862 -23.9038734241 0.0
13.6844836862 -23.9038734241 14.1261038171 -23.9038734241 1.0
14.1261038171 -23.9038734241 14.7851057367 -23.9038734241 1.0
14.5851057367 -24.1038734241 14.4426775091 -24.1038734241 1.0
14.4426775091 -24.1038734241 7.53316968222 -24.1038734241 0.0
7.53316968222 -24.1038734241 6.86316752551 -24.1038734241 2.0
6.86316752551 -24.1038734241 6.86316752551 -24.8368010467 2.0
6.86316752551 -24.8368010467 6.86316752551 -25.0527644695 1.0
6.66316752551 -25.2527644695 6.66316752551 -24.8144029293 1.0
6.66316752551 -24.8144029293 6.66316752551 -24.5370481204 2.0
6.66316752551 -24.5370481204 4.21662652851 -24.5370481204 0.0
4.21662652851 -24.5370481204 2.42971913024 -24.5370481204 3.0
2.42971913024 -24.5370481204 -1.5928676823 -24.5370481204 0.0
-1.5928676823 -24.5370481204 -2.03141077072 -24.5370481204 2.0
-2.03141077072 -24.5370481204 -2.25527714693 -24.5370481204 2.0
-2.25527714693 -24.5370481204 -8.27391684076 -24.5370481204 0.0
-8.27391684076 -24.5370481204 -10.0551350259 -24.5370481204 1.0
-10.0551350259 -24.5370481204 -10.0551350259 -26.7663996006 1.0
-10.0551350259 -26.7663996006 -9.7757700395 -26.7663996006 1.0
-9.7757700395 -26.7663996006 -7.78406725733 -26.7663996006 0.0
-7.78406725733 -26.7663996006 -5.11757266959 -26.7663996006 0.0
-5.11757266959 -26.7663996006 -3.34157885482 -26.7663996006 2.0
-3.34157885482 -26.7663996006 -2.89421881011 -26.7663996006 0.0
-2.89421881011 -26.7663996006 0.433567153318 -26.7663996006 0.0
0.433567153318 -26.7663996006 2.20004745595 -26.7663996006 3.0
2.20004745595 -26.7663996006 3.96988353028 -26.7663996006 0.0
3.96988353028 -26.7663996006 4.85181211016 -26.7663996006 2.0
4.85181211016 -26.7663996006 5.66456305602 -26.7663996006 0.0
5.46456305602 -26.9663996006 5.00558713073 -26.9663996006 2.0
4.80558713073 -27.1663996006 5.4635801778 -27.1663996006 0.0
5.4635801778 -27.1663996006 10.5513089638 -27.1663996006 0.0
10.5513089638 -27.1663996006 11.8261179691 -27.1663996006 1.0
11.6261179691 -27.3663996006 5.38651216025 -27.3663996006 0.0
5.38651216025 -27.3663996006 4.93769772198 -27.3663996006 2.0
4.93769772198 -27.3663996006 4.70960508729 -27.3663996006 2.0
4.70960508729 -27.3663996006 3.15080482748 -27.3663996006 0.0
3.15080482748 -27.3663996006 2.69750526868 -27.3663996006 3.0
2.69750526868 -27.3663996006 2.46942894374 -27.3663996006 1.0
2.46942894374 -27.3663996006 2.02599181178 -27.3663996006 3.0
2.02599181178 -27.3663996006 -2.22971102319 -27.3663996006 0.0
-2.22971102319 -27.3663996006 -2.67817428813 -27.3663996006 0.0
-2.67817428813 -27.3663996006 -8.7306414244 -27.3663996006 0.0
-8.7306414244 -27.3663996006 -9.40556776771 -27.3663996006 1.0
-9.40556776771 -27.3663996006 -9.85926182862 -27.3663996006 2.0
-9.85926182862 -27.3663996006 -9.85926182862 -29.5469269889 1.0
-9.85926182862 -29.5469269889 -5.8164832215 -29.5469269889 0.0
-5.8164832215 -29.5469269889 1.88866420944 -29.5469269889 0.0
1.88866420944 -29.5469269889 2.3274552792 -29.5469269889 3.0
2.3274552792 -29.5469269889 2.76936352759 -29.5469269889 3.0
2.76936352759 -29.5469269889 5.89414936025 -29.5469269889 0.0
5.89414936025 -29.5469269889 7.88144861552 -29.5469269889 0.0
7.88144861552 -29.5469269889 12.5353771764 -29.5469269889 0.0
12.5353771764 -29.5469269889 13.8154221327 -29.5469269889 1.0
13.6154221327 -29.7469269889 3.75747730375 -29.7469269889 0.0
3.75747730375 -29.7469269889 2.4146030952 -29.7469269889 3.0
2.4146030952 -29.7469269889 -9.66732454417 -29.7469269889 0.0
-9.66732454417 -29.7469269889 -11.6862978338 -29.7469269889 1.0
-11.6862978338 -29.7469269889 -11.6862978338 -32.2559295149 1.0
-11.6862978338 -32.2559295149 0.0845657764699 -32.2559295149 0.0
0.0845657764699 -32.2559295149 1.84157471523 -32.2559295149 3.0
1.84157471523 -32.2559295149 12.0245603727 -32.2559295149 0.0
12.0245603727 -32.2559295149 13.350160433 -32.2559295149 2.0
13.150160433 -32.4559295149 12.9331183864 -32.4559295149 0.0
12.9331183864 -32.4559295149 12.6983779766 -32.4559295149 2.0
12.6983779766 -32.4559295149 3.57199824092 -32.4559295149 0.0
3.57199824092 -32.4559295149 2.44077422244 -32.4559295149 3.0
2.44077422244 -32.4559295149 -6.72257065031 -32.4559295149 0.0
-6.72257065031 -32.4559295149 -7.83868960645 -32.4559295149 0.0
-7.83868960645 -32.4559295149 -8.51339766009 -32.4559295149 0.0
-8.51339766009 -32.4559295149 -11.1666390174 -32.4559295149 1.0
-11.1666390174 -32.4559295149 -11.1666390174 -34.6612468339 1.0
-11.1666390174 -34.6612468339 -10.9467976418 -34.6612468339 0.0
-10.9467976418 -34.6612468339 -10.7248552493 -34.6612468339 1.0
-10.7248552493 -34.6612468339 -7.18313966787 -34.6612468339 0.0
-7.18313966787 -34.6612468339 -0.0987850118366 -34.6612468339 0.0
-0.0987850118366 -34.6612468339 1.45185138813 -34.6612468339 3.0
1.45185138813 -34.6612468339 6.99028389652 -34.6612468339 0.0
6.99028389652 -34.6612468339 7.21398409768 -34.6612468339 2.0
7.21398409768 -34.6612468339 11.4169207436 -34.6612468339 0.0
11.4169207436 -34.6612468339 13.2016825233 -34.6612468339 1.0
13.0016825233 -34.8612468339 2.71903118327 -34.8612468339 0.0
2.71903118327 -34.8612468339 2.27253027622 -34.8612468339 3.0
2.27253027622 -34.8612468339 -10.0160659785 -34.8612468339 0.0
-10.0160659785 -34.8612468339 -12.0290114522 -34.8612468339 1.0
-12.0290114522 -34.8612468339 -12.0290114522 -37.3152421971 1.0
-12.0290114522 -37.3152421971 -11.1366257934 -37.3152421971 0.0
-11.1366257934 -37.3152421971 -10.9222983234 -37.3152421971 2.0
-10.9222983234 -37.3152421971 -4.50559172809 -37.3152421971 0.0
-4.50559172809 -37.3152421971 -1.40978780142 -37.3152421971 0.0
-1.40978780142 -37.3152421971 -0.528938259439 -37.3152421971 3.0
-0.528938259439 -37.3152421971 10.5406234311 -37.3152421971 0.0
10.5406234311 -37.3152421971 11.7652296086 -37.3152421971 1.0
11.5652296086 -37.5152421971 1.32137300279 -37.5152421971 0.0
1.32137300279 -37.5152421971 1.09236872336 -37.5152421971 3.0
1.09236872336 -37.5152421971 0.86816149778 -37.5152421971 1.0
0.86816149778 -37.5152421971 0.63934672553 -37.5152421971 3.0
0.63934672553 -37.5152421971 -1.84029215148 -37.5152421971 0.0
-1.84029215148 -37.5152421971 -2.0638916005 -37.5152421971 2.0
-2.0638916005 -37.5152421971 -3.40896284456 -37.5152421971 0.0
-3.40896284456 -37.5152421971 -10.5807732234 -37.5152421971 0.0
-10.5807732234 -37.5152421971 -12.607609938 -37.5152421971 1.0
-12.607609938 -37.5152421971 -12.607609938 -39.7792885665 1.0
-12.607609938 -39.7792885665 -1.10436714658 -39.7792885665 0.0
-1.10436714658 -39.7792885665 0.00266858676016 -39.7792885665 3.0
0.00266858676016 -39.7792885665 0.220976855042 -39.7792885665 2.0
0.220976855042 -39.7792885665 11.0619809571 -39.7792885665 0.0
11.0619809571 -39.7792885665 12.4507120505 -39.7792885665 1.0
12.2507120505 -39.9792885665 1.69584491495 -39.9792885665 0.0
1.69584491495 -39.9792885665 1.46801486864 -39.9792885665 3.0
1.46801486864 -39.9792885665 1.02440940204 -39.9792885665 3.0
1.02440940204 -39.9792885665 0.800200013298 -39.9792885665 2.0
0.800200013298 -39.9792885665 -11.5550260389 -39.9792885665 0.0
-11.5550260389 -39.9792885665 -12.0026392899 -39.9792885665 1.0
-12.0026392899 -39.9792885665 -12.4460683513 -39.9792885665 2.0
-12.4460683513 -39.9792885665 -12.4460683513 -41.7011371207 1.0
-12.4460683513 -41.7011371207 -12.4460683513 -42.6982540897 1.0
-12.4460683513 -42.6982540897 -0.279615102428 -42.6982540897 0.0
-0.279615102428 -42.6982540897 1.26816222733 -42.6982540897 3.0
1.26816222733 -42.6982540897 11.68836152 -42.6982540897 0.0
11.68836152 -42.6982540897 11.9063905548 -42.6982540897 1.0
11.9063905548 -42.6982540897 12.8151206853 -42.6982540897 1.0
12.6151206853 -42.8982540897 12.5129705507 -42.8982540897 1.0
12.5129705507 -42.8982540897 2.3991045826 -42.8982540897 0.0
2.3991045826 -42.8982540897 2.17461360282 -42.8982540897 3.0
2.17461360282 -42.8982540897 1.73116236537 -42.8982540897 3.0
1.73116236537 -42.8982540897 1.51301927013 -42.8982540897 1.0
1.51301927013 -42.8982540897 -10.5601542694 -42.8982540897 0.0
-10.5601542694 -42.8982540897 -12.996377149 -42.8982540897 1.0
-12.996377149 -42.8982540897 -12.996377149 -45.2035805527 1.0
-12.996377149 -45.2035805527 -7.2619802309 -45.2035805527 1.0
-7.2619802309 -45.2035805527 -1.50606205719 -45.2035805527 1.0
-1.50606205719 -45.2035805527 -0.178762210544 -45.2035805527 1.0
-0.178762210544 -45.2035805527 2.03588807562 -45.2035805527 0.0
2.03588807562 -45.2035805527 2.92666913738 -45.2035805527 2.0
2.92666913738 -45.2035805527 10.2368904323 -45.2035805527 0.0
10.2368904323 -45.2035805527 11.6943082172 -45.2035805527 1.0
11.4943082172 -45.4035805527 5.47083073576 -45.4035805527 0.0
5.47083073576 -45.4035805527 5.02755853947 -45.4035805527 2.0
5.02755853947 -45.4035805527 1.89300034732 -45.4035805527 0.0
1.89300034732 -45.4035805527 -13.7147344339 -45.4035805527 1.0
-13.7147344339 -45.4035805527 -13.7147344339 -48.2042747599 1.0
-13.7147344339 -48.2042747599 -1.58335022562 -48.2042747599 1.0
-1.58335022562 -48.2042747599 8.35489412576 -48.2042747599 1.0
8.15489412576 -48.4042747599 4.85688638471 -48.4042747599 1.0
4.85688638471 -48.4042747599 4.85688638471 -47.3156603883 2.0
4.85688638471 -47.3156603883 4.85688638471 -46.4717960331 0.0
4.65688638471 -46.6717960331 4.65688638471 -47.5391027897 2.0
4.65688638471 -47.5391027897 4.65688638471 -48.8355522334 1.0
4.65688638471 -48.8355522334 -8.84363250629 -48.8355522334 1.0
-9.04363250629 -49.0355522334 0.68565422207 -49.0355522334 1.0
0.68565422207 -49.0355522334 0.68565422207 -33.6199010464 1.0
0.68565422207 -33.6199010464 0.68565422207 -7.67737843038 1.0
0.68565422207 -7.67737843038 0.68565422207 -6.78211295894 0.0
0.48565422207 -6.98211295894 0.48565422207 -24.9129661475 1.0
0.48565422207 -24.9129661475 0.48565422207 -43.0693765119 1.0
0.48565422207 -43.0693765119 0.48565422207 -46.5968751512 1.0
0.48565422207 -46.5968751512 -14.0837096447 -46.5968751512 1.0
-14.0837096447 -46.5968751512 -14.0837096447 -32.7324170914 1.0
-14.0837096447 -32.7324170914 -14.0837096447 -24.0237025 1.0
-14.0837096447 -24.0237025 -14.0837096447 -20.323383688 1.0
-14.0837096447 -20.323383688 -14.0837096447 -6.02705944592 1.0
-14.2837096447 -6.22705944592 -14.2837096447 -10.9826880808 1.0
-14.2837096447 -10.9826880808 -14.2837096447 -12.0490671112 1.0
-14.2837096447 -12.0490671112 -14.2837096447 -24.8479925712 1.0
-14.2837096447 -24.8479925712 -14.2837096447 -38.0368502276 1.0
-14.2837096447 -38.0368502276 -14.2837096447 -47.5197283186 1.0
-14.2837096447 -47.5197283186 -14.2837096447 -55.6742258928 1.0
-14.2837096447 -55.6742258928 -14.2837096447 -58.1104916295 0.0
-14.2837096447 -58.1104916295 -14.2837096447 -59.001884977 2.0
-14.2837096447 -59.001884977 -14.2837096447 -66.2963037709 0.0
-14.2837096447 -66.2963037709 -14.2837096447 -67.5821038331 1.0
-14.2837096447 -67.5821038331 4.39128099444 -67.5821038331 1.0
4.39128099444 -67.5821038331 26.3114137941 -67.5821038331 1.0
26.1114137941 -67.7821038331 5.28356866961 -67.7821038331 1.0
5.28356866961 -67.7821038331 -3.57464506681 -67.7821038331 1.0
-3.57464506681 -67.7821038331 -5.573942756 -67.7821038331 1.0
-5.573942756 -67.7821038331 -10.2155532804 -67.7821038331 1.0
-10.2155532804 -67.7821038331 -10.2155532804 -66.8682200276 0.0
-10.2155532804 -66.8682200276 -10.2155532804 -58.1784523569 0.0
-10.2155532804 -58.1784523569 -10.2155532804 -57.9539149213 3.0
-10.2155532804 -57.9539149213 -10.2155532804 -57.7364799425 1.0
-10.2155532804 -57.7364799425 -10.2155532804 -57.2903046182 2.0
-10.2155532804 -57.2903046182 1.33879590814 -57.2903046182 1.0
1.33879590814 -57.2903046182 13.1660397409 -57.2903046182 1.0
13.1660397409 -57.2903046182 24.7670039513 -57.2903046182 1.0
24.7670039513 -57.2903046182 24.9910031658 -57.2903046182 2.0
24.9910031658 -57.2903046182 25.2153006069 -57.2903046182 1.0
25.2153006069 -57.2903046182 25.4331714262 -57.2903046182 0.0
25.4331714262 -57.2903046182 25.6522369056 -57.2903046182 2.0
25.6522369056 -57.2903046182 25.6522369056 -48.6023835928 0.0
25.6522369056 -48.6023835928 25.6522369056 -44.6230377141 1.0
25.6522369056 -44.6230377141 25.8815851014 -44.6230377141 1.0
