7 11
12 22
24 39
43 45
47 74
76 79
80 87
88 136
137 154
155 201
202 210
211 250
251 259
259 268
269 278
280 283
284 287
288 309
310 318
319 324
326 329
330 332
333 366
367 379
380 409
410 413
414 426
427 436
437 455
456 457
458 475
476 484
484 508
509 521
522 526
528 540
541 557
558 566
567 580
581 582
583 615
616 627
628 658
659 661
662 674
675 682
683 703
704 710
711 715
716 725
726 728
729 735
736 737
738 749
750 758
758 767
768 777
778 785
787 804
805 825
826 833
834 883
884 894
895 939
940 949
950 968
969 976
977 989
991 999
999 1009
1010 1048
1049 1057
1058 1105
1106 1116
1117 1162
1163 1171
1172 1212
1213 1221
1221 1231
1232 1272
1273 1280
1281 1330
1331 1340
1341 1386
1387 1395
1396 1436
1437 1446
1446 1457
1458 1499
1500 1507
1508 1557
1558 1565
1567 1612
1613 1620
1621 1663
1664 1672
1672 1684
1685 1725
1726 1734
1735 1783
1784 1795
1796 1842
1843 1850
1851 1890
1893 1902
1902 1914
1915 1955
1956 1964
1965 2013
2014 2019
2021 2023
2025 2071
2072 2079
2080 2119
2120 2130
2130 2143
2144 2183
2184 2192
2193 2241
2242 2254
2255 2301
2302 2310
2311 2350
2351 2359
2359 2390
2391 2432
2433 2441
2442 2490
2491 2502
2503 2547
2548 2558
2559 2596
2597 2622
2622 2632
2633 2664
2665 2667
2668 2688
2689 2696
2697 2707
2709 2710
2714 2745
2746 2759
2760 2791
2792 2795
2799 2802
2803 2804
2806 2808
2809 2811
2812 2813
2814 2824
2825 2833
2834 2852
2855 2857
2859 2861
2862 2888
2889 2897
2897 2911
2912 2921
2923 2935
2936 2944
2945 2964
2965 2973
2974 2982
2984 2988
2991 2996
2997 3013
3014 3019
3021 3043
3044 3052
3055 3085
3088 3089
3091 3093
3094 3100
3102 3104
3111 3129
3130 3131
3135 3166
3167 3170
3171 3172
3173 3187
3189 3207
3209 3244
3245 3247
3249 3250
3253 3279
3281 3299
3300 3308
3308 3311
3313 3358
3361 3367
3369 3423
3424 3433
3433 3447
3448 3501
3502 3509
3510 3511
3512 3558
3560 3562
3564 3568
3569 3572
3573 3574
3575 3576
3577 3618
3619 3621
3623 3624
3626 3627
3628 3676
3678 3683
3684 3695
3697 3706
3707 3708
3709 3710
3711 3762
3763 3769
3772 3794
3797 3798
3799 3818
3820 3827
3832 3878
3879 3881
3887 3942
3943 3952
3952 3967
3970 4004
4006 4020
4021 4024
4027 4029
4030 4079
4080 4090
4091 4137
4138 4139
4140 4142
4143 4145
4147 4156
4158 4167
4169 4202
4203 4211
4211 4224
4226 4227
4228 4280
4281 4287
4288 4289
4290 4339
4340 4350
4351 4398
4401 4402
4405 4406
4407 4461
4462 4465
4466 4468
4469 4478
4478 4482
4483 4501
4503 4538
4539 4542
4544 4546
4547 4594
4595 4596
4597 4598
4599 4603
4608 4653
4654 4655
4657 4659
4663 4715
4718 4729
4729 4795
4797 4803
4804 4814
4815 4819
4820 4853
4854 4866
4867 4894
4895 4897
4898 4912
4913 4986
4986 5125
5126 5130
5132 5140
5141 5145
5146 5154
5154 5492
5493 5504
5505 5684
5684 5750
5752 5861
5861 5942
5947 5968
5969 5970
5973 5975
5976 5977
5978 6197
6198 6209
6210 6214
6215 6248
6249 6257
6257 6602
6604 6605
6607 6621
6622 6626
6628 6667
6668 6669
6670 6672
6673 6675
6676 6824
6826 6837
6840 6841
6842 6845
6846 6847
6848 6851
6853 6886
6887 6906
6908 6914
