0 0 0.445993886264 -8.19277477879e-17 1
0.445993886264 -8.19277477879e-17 1.42038597748 -2.60920671131e-16 0
1.42038597748 -2.60920671131e-16 2.71322397399 -4.98411158268e-16 0
2.61322397399 -0.1 2.14628043253 -0.1 0
2.04628043253 -0.2 8.03695932485 -0.2 0
8.03695932485 -0.2 8.71151056091 -0.2 0
8.71151056091 -0.2 10.268876735 -0.2 2
10.268876735 -0.2 20.9315182285 -0.2 0
20.9315182285 -0.2 22.8858723198 -0.2 1
22.7858723198 -0.3 12.5833923018 -0.3 0
12.5833923018 -0.3 10.8112088322 -0.3 2
10.8112088322 -0.3 2.0092165912 -0.3 0
2.0092165912 -0.3 0.229741143541 -0.3 1
0.229741143541 -0.3 0.229741143541 -1.89545359214 1
0.229741143541 -1.89545359214 2.22310088149 -1.89545359214 0
2.22310088149 -1.89545359214 2.88944325032 -1.89545359214 0
2.88944325032 -1.89545359214 3.55341115557 -1.89545359214 2
3.55341115557 -1.89545359214 8.21238459641 -1.89545359214 0
8.21238459641 -1.89545359214 10.0427535439 -1.89545359214 3
10.0427535439 -1.89545359214 11.1494604083 -1.89545359214 0
11.1494604083 -1.89545359214 11.8157730226 -1.89545359214 0
11.8157730226 -1.89545359214 12.2662698546 -1.89545359214 2
12.2662698546 -1.89545359214 19.5886546396 -1.89545359214 0
19.5886546396 -1.89545359214 21.0721978147 -1.89545359214 1
20.9721978147 -1.99545359214 14.5070524061 -1.99545359214 0
14.5070524061 -1.99545359214 13.843041023 -1.99545359214 2
13.843041023 -1.99545359214 11.1740351477 -1.99545359214 0
11.1740351477 -1.99545359214 9.16950897923 -1.99545359214 3
9.16950897923 -1.99545359214 5.10036541792 -1.99545359214 0
5.10036541792 -1.99545359214 4.86898106992 -1.99545359214 2
4.86898106992 -1.99545359214 1.0908523642 -1.99545359214 0
1.0908523642 -1.99545359214 -0.692065791914 -1.99545359214 1
-0.692065791914 -1.99545359214 -0.692065791914 -3.9068052297 1
-0.692065791914 -3.9068052297 1.97027998508 -3.9068052297 0
1.97027998508 -3.9068052297 2.85765018613 -3.9068052297 2
2.85765018613 -3.9068052297 3.76676781443 -3.9068052297 2
3.76676781443 -3.9068052297 7.35005114374 -3.9068052297 0
7.35005114374 -3.9068052297 9.1320726871 -3.9068052297 3
9.1320726871 -3.9068052297 12.0197829797 -3.9068052297 0
12.0197829797 -3.9068052297 12.2441849485 -3.9068052297 2
12.2441849485 -3.9068052297 19.354192313 -3.9068052297 0
19.354192313 -3.9068052297 20.5898291782 -3.9068052297 1
20.4898291782 -4.0068052297 13.7689164805 -4.0068052297 0
13.7689164805 -4.0068052297 13.3296929127 -4.0068052297 2
13.3296929127 -4.0068052297 10.6588778513 -4.0068052297 0
10.6588778513 -4.0068052297 9.09200242749 -4.0068052297 3
9.09200242749 -4.0068052297 4.64390852288 -4.0068052297 0
4.64390852288 -4.0068052297 3.4212580521 -4.0068052297 3
3.4212580521 -4.0068052297 3.4212580521 -3.33251868105 2
3.4212580521 -3.33251868105 3.4212580521 -2.3851463031 0
3.3212580521 -2.4851463031 3.3212580521 -2.89137642913 2
3.3212580521 -2.89137642913 3.3212580521 -4.05425244252 3
3.3212580521 -4.05425244252 3.07521139291 -4.05425244252 2
3.07521139291 -4.05425244252 0.58336529186 -4.05425244252 0
0.58336529186 -4.05425244252 -1.06133549472 -4.05425244252 1
-1.06133549472 -4.05425244252 -1.06133549472 -5.88660308663 1
-1.06133549472 -5.88660308663 0.952413889327 -5.88660308663 0
0.952413889327 -5.88660308663 2.50817464034 -5.88660308663 2
2.40817464034 -5.98660308663 2.12053057053 -5.98660308663 2
2.02053057053 -6.08660308663 6.42427546833 -6.08660308663 0
6.42427546833 -6.08660308663 7.98141197888 -6.08660308663 3
7.98141197888 -6.08660308663 18.8846515987 -6.08660308663 0
18.8846515987 -6.08660308663 20.1172271662 -6.08660308663 1
20.0172271662 -6.18660308663 10.1399203046 -6.18660308663 0
10.1399203046 -6.18660308663 8.13461510589 -6.18660308663 3
8.13461510589 -6.18660308663 4.10925854439 -6.18660308663 0
4.10925854439 -6.18660308663 2.53922505551 -6.18660308663 2
2.53922505551 -6.18660308663 -0.140098559747 -6.18660308663 0
-0.140098559747 -6.18660308663 -1.8682077575 -6.18660308663 1
-1.8682077575 -6.18660308663 -1.8682077575 -8.01415663416 1
-1.8682077575 -8.01415663416 6.59586538999 -8.01415663416 0
6.59586538999 -8.01415663416 8.38690060461 -8.01415663416 3
8.38690060461 -8.01415663416 18.8931755329 -8.01415663416 0
18.8931755329 -8.01415663416 20.2774128568 -8.01415663416 1
20.1774128568 -8.11415663416 10.1226066655 -8.11415663416 0
10.1226066655 -8.11415663416 8.34373253349 -8.11415663416 3
8.34373253349 -8.11415663416 -0.562190417576 -8.11415663416 0
-0.562190417576 -8.11415663416 -2.3426284226 -8.11415663416 1
-2.3426284226 -8.11415663416 -2.3426284226 -10.0075195658 1
-2.3426284226 -10.0075195658 6.57715336505 -10.0075195658 0
6.57715336505 -10.0075195658 8.1345134694 -10.0075195658 3
8.1345134694 -10.0075195658 19.0325395276 -10.0075195658 0
19.0325395276 -10.0075195658 20.1293780282 -10.0075195658 1
20.0293780282 -10.1075195658 10.0174311386 -10.1075195658 0
10.0174311386 -10.1075195658 8.23908097283 -10.1075195658 3
8.23908097283 -10.1075195658 -0.67160794404 -10.1075195658 0
-0.67160794404 -10.1075195658 -2.66413001621 -10.1075195658 1
-2.66413001621 -10.1075195658 -2.66413001621 -12.1152761685 1
-2.66413001621 -12.1152761685 6.53686332324 -12.1152761685 0
6.53686332324 -12.1152761685 8.08834686167 -12.1152761685 3
8.08834686167 -12.1152761685 18.979412389 -12.1152761685 0
18.979412389 -12.1152761685 19.9190926963 -12.1152761685 1
19.8190926963 -12.2152761685 9.71378832435 -12.2152761685 0
9.71378832435 -12.2152761685 8.15492899779 -12.2152761685 3
8.15492899779 -12.2152761685 -0.859373723828 -12.2152761685 0
-0.859373723828 -12.2152761685 -2.6332624149 -12.2152761685 1
-2.6332624149 -12.2152761685 -2.6332624149 -14.2293598303 1
-2.6332624149 -14.2293598303 6.24357218801 -14.2293598303 0
6.24357218801 -14.2293598303 8.02651408375 -14.2293598303 3
8.02651408375 -14.2293598303 18.7028070813 -14.2293598303 0
18.7028070813 -14.2293598303 20.0550377754 -14.2293598303 1
19.9550377754 -14.3293598303 9.7250101381 -14.3293598303 0
9.7250101381 -14.3293598303 8.16973223367 -14.3293598303 3
8.16973223367 -14.3293598303 -0.512211899623 -14.3293598303 0
-0.512211899623 -14.3293598303 -2.50760749757 -14.3293598303 1
-2.50760749757 -14.3293598303 -2.50760749757 -16.377914511 1
-2.50760749757 -16.377914511 6.37489065402 -16.377914511 0
6.37489065402 -16.377914511 8.16020332269 -16.377914511 3
8.16020332269 -16.377914511 18.8748598011 -16.377914511 0
18.8748598011 -16.377914511 19.9919338362 -16.377914511 1
19.8919338362 -16.477914511 19.7002281764 -16.477914511 1
19.7002281764 -16.477914511 9.44139483438 -16.477914511 0
9.44139483438 -16.477914511 7.87408246921 -16.477914511 3
7.87408246921 -16.477914511 -0.85968554028 -16.477914511 0
-0.85968554028 -16.477914511 -3.08298597432 -16.477914511 1
-3.08298597432 -16.477914511 -3.08298597432 -18.4820907583 1
-3.08298597432 -18.4820907583 5.57817732742 -18.4820907583 0
5.57817732742 -18.4820907583 7.36934360582 -18.4820907583 3
7.36934360582 -18.4820907583 18.1003341882 -18.4820907583 0
18.1003341882 -18.4820907583 19.4428046423 -18.4820907583 1
19.3428046423 -18.5820907583 9.11553720666 -18.5820907583 0
9.11553720666 -18.5820907583 7.3370370689 -18.5820907583 3
7.3370370689 -18.5820907583 -1.33034536378 -18.5820907583 0
-1.33034536378 -18.5820907583 -3.10431324938 -18.5820907583 1
-3.10431324938 -18.5820907583 -3.10431324938 -20.572238603 1
-3.10431324938 -20.572238603 5.9829107353 -20.572238603 0
5.9829107353 -20.572238603 7.76562370435 -20.572238603 3
7.76562370435 -20.572238603 18.4518156907 -20.572238603 0
18.4518156907 -20.572238603 19.8223693927 -20.572238603 1
19.7223693927 -20.672238603 9.94980624889 -20.672238603 0
9.94980624889 -20.672238603 7.72601401714 -20.672238603 3
7.72601401714 -20.672238603 -0.49278931406 -20.672238603 0
-0.49278931406 -20.672238603 -6.02079246642 -20.672238603 1
-6.02079246642 -20.672238603 -6.02079246642 -22.710215838 1
-6.02079246642 -22.710215838 0.900705636658 -22.710215838 0
0.900705636658 -22.710215838 1.34627715909 -22.710215838 2
1.34627715909 -22.710215838 5.87656308918 -22.710215838 0
5.87656308918 -22.710215838 7.42723992527 -22.710215838 3
7.42723992527 -22.710215838 9.65576908371 -22.710215838 0
9.65576908371 -22.710215838 9.87417579148 -22.710215838 0
9.87417579148 -22.710215838 16.7495099201 -22.710215838 0
16.7495099201 -22.710215838 18.3655355294 -22.710215838 1
18.2655355294 -22.810215838 11.3869109423 -22.810215838 0
11.3869109423 -22.810215838 10.7199096755 -22.810215838 2
10.7199096755 -22.810215838 10.7199096755 -23.546373226 2
10.7199096755 -23.546373226 10.7199096755 -23.7633769126 1
10.6199096755 -23.8633769126 10.6199096755 -23.4270907221 1
10.6199096755 -23.4270907221 10.6199096755 -23.1508681851 2
10.6199096755 -23.1508681851 10.3669099719 -23.1508681851 1
10.3669099719 -23.1508681851 8.15050874244 -23.1508681851 0
8.15050874244 -23.1508681851 6.37186126472 -23.1508681851 3
6.37186126472 -23.1508681851 2.36801901703 -23.1508681851 0
2.36801901703 -23.1508681851 1.9314506256 -23.1508681851 2
1.9314506256 -23.1508681851 1.48102394333 -23.1508681851 2
1.48102394333 -23.1508681851 -4.2941855888 -23.1508681851 0
-4.2941855888 -23.1508681851 -6.06723588219 -23.1508681851 1
-6.06723588219 -23.1508681851 -6.06723588219 -25.4495801244 1
-6.06723588219 -25.4495801244 -4.06644786931 -25.4495801244 0
-4.06644786931 -25.4495801244 -1.38773399537 -25.4495801244 0
-1.38773399537 -25.4495801244 0.396465172353 -25.4495801244 2
0.396465172353 -25.4495801244 4.62896538788 -25.4495801244 0
4.62896538788 -25.4495801244 6.40376782747 -25.4495801244 3
6.40376782747 -25.4495801244 8.18157089024 -25.4495801244 0
8.18157089024 -25.4495801244 9.06754042697 -25.4495801244 2
9.06754042697 -25.4495801244 9.87254979958 -25.4495801244 0
9.77254979958 -25.5495801244 9.29379056991 -25.5495801244 2
9.19379056991 -25.6495801244 10.3049851883 -25.6495801244 0
10.3049851883 -25.6495801244 15.1952232459 -25.6495801244 0
15.1952232459 -25.6495801244 16.8115581679 -25.6495801244 1
16.7115581679 -25.7495801244 10.2097375044 -25.7495801244 0
10.2097375044 -25.7495801244 9.98743309601 -25.7495801244 2
9.98743309601 -25.7495801244 9.53701301431 -25.7495801244 2
9.53701301431 -25.7495801244 8.20558523933 -25.7495801244 0
8.20558523933 -25.7495801244 7.75432290985 -25.7495801244 3
7.75432290985 -25.7495801244 3.74004823613 -25.7495801244 0
3.74004823613 -25.7495801244 3.51828172017 -25.7495801244 2
3.51828172017 -25.7495801244 -3.39884679323 -25.7495801244 0
-3.39884679323 -25.7495801244 -4.07069792919 -25.7495801244 1
-4.07069792919 -25.7495801244 -4.29674297249 -25.7495801244 2
-4.29674297249 -25.7495801244 -4.29674297249 -28.0186372868 1
-4.29674297249 -28.0186372868 -0.235231482646 -28.0186372868 0
-0.235231482646 -28.0186372868 7.50567514594 -28.0186372868 0
7.50567514594 -28.0186372868 7.94645114676 -28.0186372868 3
7.94645114676 -28.0186372868 8.16725259603 -28.0186372868 3
8.16725259603 -28.0186372868 13.9644048978 -28.0186372868 0
13.9644048978 -28.0186372868 17.9684202836 -28.0186372868 0
17.9684202836 -28.0186372868 19.7344187689 -28.0186372868 1
19.7344187689 -28.0186372868 19.7344187689 -28.2199276244 1
19.7344187689 -28.2199276244 9.94406809236 -28.2199276244 0
9.94406809236 -28.2199276244 8.6073210183 -28.2199276244 3
8.6073210183 -28.2199276244 -3.41959372501 -28.2199276244 0
-3.41959372501 -28.2199276244 -5.42911943631 -28.2199276244 1
-5.42911943631 -28.2199276244 -5.42911943631 -30.7424625391 1
-5.42911943631 -30.7424625391 6.39494313255 -30.7424625391 0
6.39494313255 -30.7424625391 7.94270414411 -30.7424625391 3
7.94270414411 -30.7424625391 8.16885942263 -30.7424625391 2
8.16885942263 -30.7424625391 18.398548455 -30.7424625391 0
18.398548455 -30.7424625391 18.8419801296 -30.7424625391 2
18.8419801296 -30.7424625391 19.7037318862 -30.7424625391 2
19.6037318862 -30.8424625391 19.4919437831 -30.8424625391 1
19.4919437831 -30.8424625391 19.276075652 -30.8424625391 0
19.276075652 -30.8424625391 19.0424309217 -30.8424625391 2
19.0424309217 -30.8424625391 9.95771783435 -30.8424625391 0
9.95771783435 -30.8424625391 9.50628340943 -30.8424625391 3
9.50628340943 -30.8424625391 9.2836450255 -30.8424625391 3
9.2836450255 -30.8424625391 9.06412842021 -30.8424625391 3
9.06412842021 -30.8424625391 -1.59903575177 -30.8424625391 0
-1.59903575177 -30.8424625391 -2.71386735775 -30.8424625391 0
-2.71386735775 -30.8424625391 -5.08438387591 -30.8424625391 1
-5.08438387591 -30.8424625391 -5.08438387591 -32.5756525287 1
-5.08438387591 -32.5756525287 -4.86348482567 -32.5756525287 0
-4.86348482567 -32.5756525287 -4.64037421274 -32.5756525287 1
-4.64037421274 -32.5756525287 6.70330542415 -32.5756525287 0
6.70330542415 -32.5756525287 8.03557019573 -32.5756525287 3
8.03557019573 -32.5756525287 12.9341875854 -32.5756525287 0
12.9341875854 -32.5756525287 13.1588886757 -32.5756525287 2
13.1588886757 -32.5756525287 17.3810677162 -32.5756525287 0
17.3810677162 -32.5756525287 18.9357938014 -32.5756525287 1
18.8357938014 -32.6756525287 8.59978214744 -32.6756525287 0
8.59978214744 -32.6756525287 8.15527268747 -32.6756525287 3
8.15527268747 -32.6756525287 -4.07747268765 -32.6756525287 0
-4.07747268765 -32.6756525287 -6.08133033728 -32.6756525287 1
-6.08133033728 -32.6756525287 -6.08133033728 -35.1468598738 1
-6.08133033728 -35.1468598738 1.45292797173 -35.1468598738 0
1.45292797173 -35.1468598738 4.56288755224 -35.1468598738 0
4.56288755224 -35.1468598738 5.22485088325 -35.1468598738 3
5.22485088325 -35.1468598738 5.66560961543 -35.1468598738 2
5.66560961543 -35.1468598738 16.5601217431 -35.1468598738 0
16.5601217431 -35.1468598738 17.7507407502 -35.1468598738 1
17.6507407502 -35.2468598738 7.45418126376 -35.2468598738 0
7.45418126376 -35.2468598738 7.22618091289 -35.2468598738 3
7.22618091289 -35.2468598738 6.78136201715 -35.2468598738 1
6.78136201715 -35.2468598738 6.32525460656 -35.2468598738 3
6.32525460656 -35.2468598738 4.30699084639 -35.2468598738 0
4.30699084639 -35.2468598738 2.30593769677 -35.2468598738 0
2.30593769677 -35.2468598738 -5.05629307478 -35.2468598738 0
-5.05629307478 -35.2468598738 -6.84847794217 -35.2468598738 1
-6.84847794217 -35.2468598738 -6.84847794217 -37.6257838457 1
-6.84847794217 -37.6257838457 -6.62806645336 -37.6257838457 2
-6.62806645336 -37.6257838457 4.92595252068 -37.6257838457 0
4.92595252068 -37.6257838457 6.25436008845 -37.6257838457 3
6.25436008845 -37.6257838457 6.47367926226 -37.6257838457 2
6.47367926226 -37.6257838457 17.3647888265 -37.6257838457 0
17.3647888265 -37.6257838457 18.7647202712 -37.6257838457 1
18.6647202712 -37.7257838457 8.15815988022 -37.7257838457 0
8.15815988022 -37.7257838457 7.93678090652 -37.7257838457 3
7.93678090652 -37.7257838457 7.71367543818 -37.7257838457 2
7.71367543818 -37.7257838457 -4.3611666194 -37.7257838457 0
-4.3611666194 -37.7257838457 -5.02692554304 -37.7257838457 1
-5.02692554304 -37.7257838457 -5.46816599053 -37.7257838457 2
-5.46816599053 -37.7257838457 -5.46816599053 -39.6431649848 1
-5.46816599053 -39.6431649848 -4.6433650957 -39.6431649848 1
-4.6433650957 -39.6431649848 -4.6433650957 -35.6598845215 0
-4.6433650957 -35.6598845215 -4.6433650957 -27.8651504302 0
-4.6433650957 -27.8651504302 -4.6433650957 -27.2037020498 3
-4.6433650957 -27.2037020498 -4.6433650957 -26.7517425581 3
-4.6433650957 -26.7517425581 -4.6433650957 -16.2831132257 0
-4.6433650957 -16.2831132257 -4.6433650957 -16.0640482581 1
-4.6433650957 -16.0640482581 -4.6433650957 -15.8535157428 2
-4.6433650957 -15.8535157428 -4.6433650957 -14.9627702741 1
-4.7433650957 -15.0627702741 -4.7433650957 -25.1303426141 0
-4.7433650957 -25.1303426141 -4.7433650957 -25.3537601604 3
-4.7433650957 -25.3537601604 -4.7433650957 -25.7951273545 3
-4.7433650957 -25.7951273545 -4.7433650957 -37.3659786465 0
-4.7433650957 -37.3659786465 -4.7433650957 -39.7917437174 1
-4.8433650957 -39.8917437174 -4.8433650957 -27.1489804082 1
-4.8433650957 -27.1489804082 -4.8433650957 -25.8155007034 1
-4.8433650957 -25.8155007034 -4.8433650957 -23.5907126484 0
-4.8433650957 -23.5907126484 -4.8433650957 -22.6956856655 2
-4.8433650957 -22.6956856655 -4.8433650957 -15.352000257 0
-4.8433650957 -15.352000257 -4.8433650957 -13.882592417 1
-4.9433650957 -13.982592417 -4.9433650957 -19.9781165117 0
-4.9433650957 -19.9781165117 -4.9433650957 -20.4193573077 2
-4.9433650957 -20.4193573077 -4.9433650957 -23.5400328531 0
-4.9433650957 -23.5400328531 -4.9433650957 -39.7389561491 1
-5.0433650957 -39.8389561491 -5.0433650957 -21.0783732294 1
-5.0433650957 -21.0783732294 -5.92231547542 -21.0783732294 2
-5.92231547542 -21.0783732294 -6.75881667087 -21.0783732294 0
-6.85881667087 -21.1783732294 -5.98822272993 -21.1783732294 2
-5.98822272993 -21.1783732294 -4.68994434684 -21.1783732294 1
-4.78994434684 -21.2783732294 -45.9786021809 -21.2783732294 1
-45.9786021809 -21.2783732294 -47.450012928 -21.2783732294 0
-47.550012928 -21.3783732294 -7.75939366012 -21.3783732294 1
-7.75939366012 -21.3783732294 -7.75939366012 -35.8837052807 1
-7.75939366012 -35.8837052807 -29.9446387322 -35.8837052807 1
-29.9446387322 -35.8837052807 -47.8600770273 -35.8837052807 1
-47.9600770273 -35.9837052807 -43.4001122102 -35.9837052807 1
-43.4001122102 -35.9837052807 -43.1780446191 -35.9837052807 2
-43.1780446191 -35.9837052807 -42.7392470099 -35.9837052807 1
-42.7392470099 -35.9837052807 -42.5167859258 -35.9837052807 2
-42.5167859258 -35.9837052807 -7.40845048377 -35.9837052807 1
-7.40845048377 -35.9837052807 -7.40845048377 -33.5361814014 0
-7.40845048377 -33.5361814014 -7.40845048377 -32.6408371659 2
-7.40845048377 -32.6408371659 -7.40845048377 -25.3125992918 0
-7.40845048377 -25.3125992918 -7.40845048377 -24.0171456261 1
-7.40845048377 -24.0171456261 -14.0026129507 -24.0171456261 1
-14.1026129507 -24.1171456261 -13.8844743479 -24.1171456261 1
-13.8844743479 -24.1171456261 -10.9967081247 -24.1171456261 1
-10.9967081247 -24.1171456261 -10.9967081247 -25.0264444823 0
-10.9967081247 -25.0264444823 -10.9967081247 -33.6761056069 0
-10.9967081247 -33.6761056069 -10.9967081247 -33.8996271047 3
-10.9967081247 -33.8996271047 -10.9967081247 -34.3513128362 1
-10.9967081247 -34.3513128362 -10.9967081247 -34.7950826189 2
-10.9967081247 -34.7950826189 -43.6549411211 -34.7950826189 1
-43.6549411211 -34.7950826189 -46.0751062706 -34.7950826189 1
-46.0751062706 -34.7950826189 -46.2985790835 -34.7950826189 3
-46.2985790835 -34.7950826189 -46.9726570695 -34.7950826189 0
-46.9726570695 -34.7950826189 -47.1903289378 -34.7950826189 2
-47.1903289378 -34.7950826189 -47.1903289378 -35.4654029771 0
-47.1903289378 -35.4654029771 -47.1903289378 -42.7836589427 0
-47.1903289378 -42.7836589427 -47.1903289378 -46.9676637532 1
-47.2903289378 -47.0676637532 -47.2903289378 -46.839766018 1
