0 0 5.23245209391 -9.61185856274e-16 0
5.23245209391 -9.61185856274e-16 7.70609191403 -1.41558611947e-15 2
7.70609191403 -1.41558611947e-15 8.61369864306 -1.58231077081e-15 1
8.61369864306 -1.58231077081e-15 3.21189726933 7.1513919686e-17 0
3.21189726933 7.1513919686e-17 0.122304503843 1.01742889242e-15 2
0.122304503843 1.01742889242e-15 0.122304503843 -0.672559528831 1
0.122304503843 -0.672559528831 5.78323104649 -0.672559528831 0
5.78323104649 -0.672559528831 8.53896416447 -0.672559528831 2
8.53896416447 -0.672559528831 8.42083825601 -0.672559528831 1
8.42083825601 -0.672559528831 2.72286333595 -0.672559528831 0
2.72286333595 -0.672559528831 -0.030170697596 -0.672559528831 2
-0.030170697596 -0.672559528831 -0.030170697596 -1.48236991847 1
-0.030170697596 -1.48236991847 5.43323995375 -1.48236991847 0
5.43323995375 -1.48236991847 7.40322772468 -1.48236991847 2
7.40322772468 -1.48236991847 7.89503836176 -1.48236991847 0
7.89503836176 -1.48236991847 2.80685376382 -1.48236991847 0
2.80685376382 -1.48236991847 0.14294022104 -1.48236991847 2
0.14294022104 -1.48236991847 0.14294022104 -3.90515934765 1
0.14294022104 -3.90515934765 0.457050511818 -3.90515934765 1
0.457050511818 -3.90515934765 5.33901351054 -3.90515934765 0
5.33901351054 -3.90515934765 7.77262130714 -3.90515934765 2
7.77262130714 -3.90515934765 8.66879608217 -3.90515934765 0
8.66879608217 -3.90515934765 8.66879608217 -3.78438086012 1
8.66879608217 -3.78438086012 8.66879608217 1.99482075516 0
8.66879608217 1.99482075516 5.50639038596 1.99482075516 2
5.50639038596 1.99482075516 5.50639038596 -0.475206097729 1
5.50639038596 -0.475206097729 10.7207810178 -0.475206097729 0
10.7207810178 -0.475206097729 13.7250813861 -0.475206097729 2
13.7250813861 -0.475206097729 13.9769948259 -0.475206097729 1
13.9769948259 -0.475206097729 13.9769948259 -0.591549540282 2
13.9769948259 -0.591549540282 13.9769948259 -6.55224044532 0
13.9769948259 -6.55224044532 13.4570176231 -6.55224044532 2
13.4570176231 -6.55224044532 12.2254540937 -6.55224044532 1
12.2254540937 -6.55224044532 12.2254540937 -8.11896438665 2
12.2254540937 -8.11896438665 17.5312185371 -8.11896438665 0
17.5312185371 -8.11896438665 20.6355066657 -8.11896438665 2
20.6355066657 -8.11896438665 16.0200160669 -8.11896438665 0
16.0200160669 -8.11896438665 11.5288387467 -8.11896438665 2
11.5288387467 -8.11896438665 11.5288387467 -1.66724007162 1
11.5288387467 -1.66724007162 11.5288387467 -1.29967113392 1
11.5288387467 -1.29967113392 11.5288387467 -0.932912578886 1
11.5288387467 -0.932912578886 11.5288387467 -1.07768687391 1
11.5288387467 -1.07768687391 4.9641007271 -1.07768687391 0
4.9641007271 -1.07768687391 2.14952437309 -1.07768687391 2
2.14952437309 -1.07768687391 6.28497619823 -1.07768687391 0
6.28497619823 -1.07768687391 10.2181422559 -1.07768687391 2
10.2181422559 -1.07768687391 10.2181422559 -3.41608856423 1
10.2181422559 -3.41608856423 5.05951284701 -3.41608856423 0
5.05951284701 -3.41608856423 1.93043800871 -3.41608856423 2
1.93043800871 -3.41608856423 7.01286479434 -3.41608856423 0
7.01286479434 -3.41608856423 10.0653355629 -3.41608856423 2
10.0653355629 -3.41608856423 10.0653355629 -5.15318736637 1
10.0653355629 -5.15318736637 5.48149758337 -5.15318736637 0
5.48149758337 -5.15318736637 1.95039462778 -5.15318736637 2
1.95039462778 -5.15318736637 6.95006126317 -5.15318736637 0
6.95006126317 -5.15318736637 10.3726309471 -5.15318736637 2
10.3726309471 -5.15318736637 10.3726309471 -6.77558089681 1
10.3726309471 -6.77558089681 5.30617823282 -6.77558089681 0
5.30617823282 -6.77558089681 1.93725833781 -6.77558089681 2
1.93725833781 -6.77558089681 6.20551840884 -6.77558089681 0
6.20551840884 -6.77558089681 11.1349318574 -6.77558089681 2
11.1349318574 -6.77558089681 11.1349318574 -9.31436197122 1
11.1349318574 -9.31436197122 10.6842438198 -9.31436197122 1
10.6842438198 -9.31436197122 5.72912172654 -9.31436197122 0
5.72912172654 -9.31436197122 2.31201398899 -9.31436197122 2
2.31201398899 -9.31436197122 2.41822572669 -9.31436197122 1
2.41822572669 -9.31436197122 8.37185456496 -9.31436197122 0
8.37185456496 -9.31436197122 9.84688874426 -9.31436197122 2
9.84688874426 -9.31436197122 9.84688874426 -11.2758139714 1
9.84688874426 -11.2758139714 4.36853211867 -11.2758139714 0
4.36853211867 -11.2758139714 1.33575233146 -11.2758139714 2
1.33575233146 -11.2758139714 6.19797948389 -11.2758139714 0
6.19797948389 -11.2758139714 9.60441014676 -11.2758139714 2
9.60441014676 -11.2758139714 9.60441014676 -13.1474660504 1
9.60441014676 -13.1474660504 4.06583715734 -13.1474660504 0
4.06583715734 -13.1474660504 0.966163150472 -13.1474660504 2
0.966163150472 -13.1474660504 1.06736048659 -13.1474660504 1
1.06736048659 -13.1474660504 6.09278818436 -13.1474660504 0
6.09278818436 -13.1474660504 9.38283532739 -13.1474660504 2
9.38283532739 -13.1474660504 9.38283532739 -10.7611884109 1
9.38283532739 -10.7611884109 9.88196247879 -10.7611884109 0
9.88196247879 -10.7611884109 14.021701577 -10.7611884109 0
14.021701577 -10.7611884109 16.490935584 -10.7611884109 2
16.490935584 -10.7611884109 16.490935584 -13.0282621764 1
16.490935584 -13.0282621764 12.5614543534 -13.0282621764 0
12.5614543534 -13.0282621764 10.6838864448 -13.0282621764 2
10.6838864448 -13.0282621764 13.6974412601 -13.0282621764 0
13.6974412601 -13.0282621764 16.6559340688 -13.0282621764 2
16.6559340688 -13.0282621764 16.6559340688 -15.3351946603 1
16.6559340688 -15.3351946603 13.0665356912 -15.3351946603 0
13.0665356912 -15.3351946603 10.7343322832 -15.3351946603 2
10.7343322832 -15.3351946603 13.7716696674 -15.3351946603 0
13.7716696674 -15.3351946603 16.5366170708 -15.3351946603 2
16.5366170708 -15.3351946603 16.5366170708 -16.4717746007 1
16.5366170708 -16.4717746007 16.5366170708 -18.9292958596 0
16.5366170708 -18.9292958596 13.206617499 -18.9292958596 2
13.206617499 -18.9292958596 17.0641166209 -18.9292958596 0
17.0641166209 -18.9292958596 19.8209799528 -18.9292958596 1
19.8209799528 -18.9292958596 19.8209799528 -19.7205575122 1
19.8209799528 -19.7205575122 17.0656452803 -19.7205575122 0
17.0656452803 -19.7205575122 13.2941033471 -19.7205575122 2
13.2941033471 -19.7205575122 16.0253107211 -19.7205575122 0
16.0253107211 -19.7205575122 19.717105397 -19.7205575122 2
19.717105397 -19.7205575122 19.717105397 -21.5586557301 1
19.717105397 -21.5586557301 16.6805019275 -21.5586557301 0
16.6805019275 -21.5586557301 12.8391091735 -21.5586557301 2
12.8391091735 -21.5586557301 16.7670058622 -21.5586557301 0
16.7670058622 -21.5586557301 20.0298214668 -21.5586557301 2
20.0298214668 -21.5586557301 20.0298214668 -23.0271173466 1
20.0298214668 -23.0271173466 16.516456605 -23.0271173466 0
16.516456605 -23.0271173466 13.2202317506 -23.0271173466 2
13.2202317506 -23.0271173466 16.9399749192 -23.0271173466 0
16.9399749192 -23.0271173466 20.145738189 -23.0271173466 2
20.145738189 -23.0271173466 20.145738189 -24.8354394588 1
20.145738189 -24.8354394588 19.1530947847 -24.8354394588 1
19.1530947847 -24.8354394588 18.4309072015 -24.8354394588 1
18.4309072015 -24.8354394588 18.4309072015 -20.3406435376 1
18.4309072015 -20.3406435376 18.4309072015 -17.3675176083 1
18.4309072015 -17.3675176083 18.4309072015 -11.4351307408 1
18.4309072015 -11.4351307408 18.4309072015 -13.6758859035 1
18.4309072015 -13.6758859035 15.0663996549 -13.6758859035 0
