0 0 -0.227250286028 1.39150667695e-17 1
-0.227250286028 1.39150667695e-17 -0.668544270238 4.09365300318e-17 3
-0.668544270238 4.09365300318e-17 -4.68325156937 2.86766452202e-16 0
-4.68325156937 2.86766452202e-16 -4.90502463266 3.00346135806e-16 2
-4.90502463266 3.00346135806e-16 -11.5914645295 7.09772496672e-16 0
-11.5914645295 7.09772496672e-16 -12.2633293395 7.50912351122e-16 1
-12.2633293395 7.50912351122e-16 -12.7148460107 7.78559773432e-16 2
-12.7148460107 7.78559773432e-16 -12.7148460107 -2.17438674904 1
-12.7148460107 -2.17438674904 -8.65367497921 -2.17438674904 0
-8.65367497921 -2.17438674904 -0.914385468734 -2.17438674904 0
-0.914385468734 -2.17438674904 -0.473594252397 -2.17438674904 3
-0.473594252397 -2.17438674904 0.194586765292 -2.17438674904 3
0.194586765292 -2.17438674904 3.33284658691 -2.17438674904 0
3.33284658691 -2.17438674904 5.55001444831 -2.17438674904 0
5.55001444831 -2.17438674904 10.0045104714 -2.17438674904 0
10.0045104714 -2.17438674904 11.2903981306 -2.17438674904 1
11.2903981306 -2.17438674904 1.03496345928 -2.17438674904 0
1.03496345928 -2.17438674904 -0.301703227561 -2.17438674904 3
-0.301703227561 -2.17438674904 -12.3175689382 -2.17438674904 0
-12.3175689382 -2.17438674904 -14.3275896653 -2.17438674904 1
-14.3275896653 -2.17438674904 -14.3275896653 -4.70408126783 1
-14.3275896653 -4.70408126783 -2.52964347997 -4.70408126783 0
-2.52964347997 -4.70408126783 -0.981733364495 -4.70408126783 3
-0.981733364495 -4.70408126783 -0.755510689018 -4.70408126783 2
-0.755510689018 -4.70408126783 9.4545871024 -4.70408126783 0
9.4545871024 -4.70408126783 10.7864513785 -4.70408126783 2
10.7864513785 -4.70408126783 10.124140364 -4.70408126783 0
10.124140364 -4.70408126783 1.2675264298 -4.70408126783 0
1.2675264298 -4.70408126783 0.816228805609 -4.70408126783 3
0.816228805609 -4.70408126783 0.593339695063 -4.70408126783 3
0.593339695063 -4.70408126783 0.367759150468 -4.70408126783 2
0.367759150468 -4.70408126783 -8.74365087351 -4.70408126783 0
-8.74365087351 -4.70408126783 -9.85470078175 -4.70408126783 0
-9.85470078175 -4.70408126783 -10.5268589451 -4.70408126783 0
-10.5268589451 -4.70408126783 -12.7236586287 -4.70408126783 1
-12.7236586287 -4.70408126783 -12.7236586287 -6.91958479825 1
-12.7236586287 -6.91958479825 -12.502680895 -6.91958479825 0
-12.502680895 -6.91958479825 -12.2796123788 -6.91958479825 1
-12.2796123788 -6.91958479825 -0.9442454377 -6.91958479825 0
-0.9442454377 -6.91958479825 0.388221783811 -6.91958479825 3
0.388221783811 -6.91958479825 0.613671401464 -6.91958479825 2
0.613671401464 -6.91958479825 5.51095031425 -6.91958479825 0
5.51095031425 -6.91958479825 5.73541028841 -6.91958479825 2
5.73541028841 -6.91958479825 9.95875592651 -6.91958479825 0
9.95875592651 -6.91958479825 11.754622123 -6.91958479825 1
11.754622123 -6.91958479825 1.74382471218 -6.91958479825 0
1.74382471218 -6.91958479825 1.30500272139 -6.91958479825 3
1.30500272139 -6.91958479825 0.857320677414 -6.91958479825 3
0.857320677414 -6.91958479825 -0.253112215651 -6.91958479825 0
-0.253112215651 -6.91958479825 -10.9273705401 -6.91958479825 0
-10.9273705401 -6.91958479825 -12.9312153379 -6.91958479825 1
-12.9312153379 -6.91958479825 -12.9312153379 -8.702380836 1
-12.9312153379 -8.702380836 -11.6605643016 -8.702380836 1
-11.6605643016 -8.702380836 -10.7733283419 -8.702380836 0
-10.7733283419 -8.702380836 -4.32830595256 -8.702380836 0
-4.32830595256 -8.702380836 -1.21705722995 -8.702380836 0
-1.21705722995 -8.702380836 -0.3321444197 -8.702380836 3
-0.3321444197 -8.702380836 10.7884534807 -8.702380836 0
10.7884534807 -8.702380836 12.0235916633 -8.702380836 1
12.0235916633 -8.702380836 1.82812101452 -8.702380836 0
1.82812101452 -8.702380836 1.60013596886 -8.702380836 3
1.60013596886 -8.702380836 1.37854445639 -8.702380836 3
1.37854445639 -8.702380836 1.15089482735 -8.702380836 3
1.15089482735 -8.702380836 -0.868353890961 -8.702380836 0
-0.868353890961 -8.702380836 -1.09409368564 -8.702380836 0
-1.09409368564 -8.702380836 -9.33510857135 -8.702380836 0
-9.33510857135 -8.702380836 -9.78126433619 -8.702380836 0
-9.78126433619 -8.702380836 -11.5735956451 -8.702380836 1
-11.5735956451 -8.702380836 -11.5735956451 -11.0818848106 1
-11.5735956451 -11.0818848106 -11.3532108099 -11.0818848106 2
-11.3532108099 -11.0818848106 0.169728616908 -11.0818848106 0
0.169728616908 -11.0818848106 1.05958815984 -11.0818848106 3
1.05958815984 -11.0818848106 1.5039403356 -11.0818848106 3
1.5039403356 -11.0818848106 12.3860130373 -11.0818848106 0
12.3860130373 -11.0818848106 13.78538341 -11.0818848106 1
13.78538341 -11.0818848106 3.51845810592 -11.0818848106 0
3.51845810592 -11.0818848106 3.07210009894 -11.0818848106 3
3.07210009894 -11.0818848106 2.84752961445 -11.0818848106 3
2.84752961445 -11.0818848106 2.6244629437 -11.0818848106 2
2.6244629437 -11.0818848106 -9.42798977632 -11.0818848106 0
-9.42798977632 -11.0818848106 -9.64699845195 -11.0818848106 1
-9.64699845195 -11.0818848106 -10.0882291172 -11.0818848106 2
-10.0882291172 -11.0818848106 -10.0882291172 -12.8092540734 1
-10.0882291172 -12.8092540734 -10.0882291172 -13.8093997127 1
-10.0882291172 -13.8093997127 -8.9905817194 -13.8093997127 0
-8.9905817194 -13.8093997127 1.68913064928 -13.8093997127 0
1.68913064928 -13.8093997127 2.12758211394 -13.8093997127 3
2.12758211394 -13.8093997127 2.79930308276 -13.8093997127 3
2.79930308276 -13.8093997127 13.2638310413 -13.8093997127 0
13.2638310413 -13.8093997127 13.4831373604 -13.8093997127 1
13.4831373604 -13.8093997127 14.3966803317 -13.8093997127 1
14.3966803317 -13.8093997127 14.2966280953 -13.8093997127 1
14.2966280953 -13.8093997127 4.23398104536 -13.8093997127 0
4.23398104536 -13.8093997127 4.01062645149 -13.8093997127 3
4.01062645149 -13.8093997127 3.78270423033 -13.8093997127 2
3.78270423033 -13.8093997127 -7.76908127144 -13.8093997127 0
-7.76908127144 -13.8093997127 -10.6368932639 -13.8093997127 1
-10.6368932639 -13.8093997127 -10.6368932639 -16.0616670514 1
-10.6368932639 -16.0616670514 -4.86201351501 -16.0616670514 1
-4.86201351501 -16.0616670514 1.13954343931 -16.0616670514 1
1.13954343931 -16.0616670514 2.47242103463 -16.0616670514 1
2.47242103463 -16.0616670514 4.69732420603 -16.0616670514 0
4.69732420603 -16.0616670514 5.59246007532 -16.0616670514 2
5.59246007532 -16.0616670514 12.9373521447 -16.0616670514 0
12.9373521447 -16.0616670514 14.4415540994 -16.0616670514 1
14.4415540994 -16.0616670514 8.16295124597 -16.0616670514 0
8.16295124597 -16.0616670514 7.72151817958 -16.0616670514 2
7.72151817958 -16.0616670514 4.60085766775 -16.0616670514 0
4.60085766775 -16.0616670514 -10.9256997783 -16.0616670514 1
-10.9256997783 -16.0616670514 -10.9256997783 -18.7114002665 1
-10.9256997783 -18.7114002665 1.29074639732 -18.7114002665 1
1.29074639732 -18.7114002665 8.83753205823 -18.7114002665 1
8.83753205823 -18.7114002665 8.00974229627 -18.7114002665 1
8.00974229627 -18.7114002665 8.00974229627 -17.8322901968 2
8.00974229627 -17.8322901968 8.00974229627 -16.7907513856 0
8.00974229627 -16.7907513856 8.00974229627 -17.6618184246 2
8.00974229627 -17.6618184246 8.00974229627 -18.9481652012 1
8.00974229627 -18.9481652012 -5.43641704352 -18.9481652012 1
-5.43641704352 -18.9481652012 3.87903244146 -18.9481652012 1
3.87903244146 -18.9481652012 3.87903244146 -3.57696947893 1
3.87903244146 -3.57696947893 3.87903244146 22.1246391064 1
3.87903244146 22.1246391064 3.87903244146 23.2421341932 0
3.87903244146 23.2421341932 3.87903244146 5.27239884926 1
3.87903244146 5.27239884926 3.87903244146 -12.9108710864 1
3.87903244146 -12.9108710864 3.87903244146 -16.2470239434 1
3.87903244146 -16.2470239434 -10.5854812103 -16.2470239434 1
-10.5854812103 -16.2470239434 -10.5854812103 -8.67099159202 1
-10.5854812103 -8.67099159202 -10.5854812103 -0.899394067156 1
-10.5854812103 -0.899394067156 -10.5854812103 5.07491664622 1
-10.5854812103 5.07491664622 -8.86877658796 5.07491664622 1
-8.86877658796 5.07491664622 -8.86877658796 10.9758957402 1
-8.86877658796 10.9758957402 -8.86877658796 17.2189827684 1
-8.86877658796 17.2189827684 -8.86877658796 23.4403855377 1
-8.86877658796 23.4403855377 -8.86877658796 18.6639730764 1
-8.86877658796 18.6639730764 -8.86877658796 18.2254434929 1
